2023-05-18_18:37:35.60, 0.0, 0.0, 88.0
2023-05-18_18:37:36.60, -0.15264260943513364, 0.27213653875514865, 84.0
2023-05-18_18:37:37.60, -0.2610334102064371, 0.6256963554769754, 83.0
2023-05-18_18:37:38.60, -0.33718813373707235, 1.2448263065889478, 82.0
2023-05-18_18:37:39.60, -0.571992204291746, 2.2221534778364003, 84.0
2023-05-18_18:37:40.60, -0.8267795038409531, 3.009151761420071, 81.0
2023-05-18_18:37:41.60, -0.9599438281729817, 3.622756331693381, 81.0
2023-05-18_18:37:42.60, -0.9960189929697663, 4.397206497844309, 81.0
2023-05-18_18:37:43.60, -1.0951019211206585, 5.138411896768957, 79.0
2023-05-18_18:37:44.60, -1.143638778012246, 5.774157547857612, 81.0
2023-05-18_18:37:45.60, -1.1896993794944137, 6.503950773272663, 80.0
2023-05-18_18:37:46.60, -1.2161546414718032, 7.34931977558881, 81.0
2023-05-18_18:37:47.60, -1.311346689471975, 7.991829905193299, 84.0
2023-05-18_18:37:48.60, -1.1749436805257574, 8.6186055932194, 85.0
2023-05-18_18:37:49.60, -1.0757193125318736, 9.36450286116451, 80.0
2023-05-18_18:37:50.60, -0.8787253479240462, 10.095319932326674, 82.0
2023-05-18_18:37:51.60, -0.6004108376801014, 10.721092785708606, 81.0
2023-05-18_18:37:52.60, -0.16869297018274665, 11.247916580177844, 114.0
2023-05-18_18:37:53.60, 0.2189939448144287, 11.833929284010082, 118.0
2023-05-18_18:37:54.60, 0.7310077219735831, 12.337641565594822, 111.0
2023-05-18_18:37:55.60, 1.2396459729643539, 12.770594434812665, 109.0
2023-05-18_18:37:56.60, 1.775856442982331, 13.251798346173018, 110.0
2023-05-18_18:37:57.60, 2.3432941869832575, 13.560446343850344, 108.0
2023-05-18_18:37:58.60, 2.939498021849431, 14.001924799755216, 109.0
2023-05-18_18:37:59.60, 3.5712170557817444, 14.40138786425814, 109.0
2023-05-18_18:38:00.60, 4.319981640786864, 14.699308833573014, 109.0
2023-05-18_18:38:01.60, 5.067948677460663, 14.962797911372036, 112.0
2023-05-18_18:38:02.60, 5.788685403647833, 15.15269857365638, 113.0
2023-05-18_18:38:03.60, 6.595728302607313, 15.292999966535717, 115.0
2023-05-18_18:38:04.60, 7.413811298436485, 15.359024778939784, 115.0
2023-05-18_18:38:05.60, 8.069094365695491, 15.318954206537455, 112.0
2023-05-18_18:38:06.60, 8.838024620548822, 15.286594927776605, 116.0
2023-05-18_18:38:07.60, 9.590799993136898, 15.313951134681702, 117.0
2023-05-18_18:38:08.60, 10.251398235326633, 15.268651145510375, 113.0
2023-05-18_18:38:09.60, 10.897835180046968, 15.10347414528951, 112.0
2023-05-18_18:38:10.60, 11.725222462555394, 14.924415431916714, 83.0
2023-05-18_18:38:11.60, 12.1939106247155, 14.52233032649383, 75.0
2023-05-18_18:38:12.60, 12.360281275701709, 13.83779019350186, 83.0
2023-05-18_18:38:13.60, 12.099290051031858, 13.136420540511608, 80.0
2023-05-18_18:38:14.60, 11.491639783605933, 12.516485973261297, 83.0
2023-05-18_18:38:15.60, 10.956926490762271, 11.869181941729039, 80.0
2023-05-18_18:38:16.60, 10.272300178534351, 11.506479580886662, 81.0
2023-05-18_18:38:17.60, 9.463613910367712, 11.317108654417098, 83.0
2023-05-18_18:38:18.60, 8.664537601638585, 11.175160307437181, 84.0
2023-05-18_18:38:19.60, 7.78750367439352, 10.887100345920771, 82.0
2023-05-18_18:38:20.60, 6.842932639177889, 10.683530505280942, 79.0
2023-05-18_18:38:21.60, 6.029484166647308, 10.45981174102053, 84.0
2023-05-18_18:38:22.60, 5.22401634324342, 10.210025547072291, 83.0
2023-05-18_18:38:23.60, 4.374636494321749, 9.931182225700468, 80.0
2023-05-18_18:38:24.60, 3.5700145749142393, 9.7198995645158, 82.0
2023-05-18_18:38:25.60, 2.7915909502189606, 9.365904048085213, 85.0
2023-05-18_18:38:26.60, 2.228393748868257, 8.706032963935286, 84.0
2023-05-18_18:38:27.60, 1.8492248067632318, 7.893787085544318, 83.0
2023-05-18_18:38:28.60, 1.7747016889043152, 6.992188025731593, 83.0
2023-05-18_18:38:29.60, 1.7416930401232094, 6.279247372876853, 83.0
2023-05-18_18:38:30.60, 1.8738619814394042, 5.441942028701305, 117.0
2023-05-18_18:38:31.60, 2.3200306920334697, 4.698125744238496, 113.0
2023-05-18_18:38:32.60, 3.1154499665135518, 4.278849063441157, 112.0
2023-05-18_18:38:33.60, 3.9827279158635065, 4.149095077998936, 114.0
2023-05-18_18:38:34.60, 4.7717619597679, 4.26655049668625, 111.0
2023-05-18_18:38:35.60, 5.4531268493738025, 4.554055639542639, 109.0
2023-05-18_18:38:36.60, 6.234887407510541, 4.843013506382704, 109.0
2023-05-18_18:38:37.60, 7.033450362505391, 5.249880810733885, 107.0
2023-05-18_18:38:38.60, 7.740520404768176, 5.778183461166918, 106.0
2023-05-18_18:38:39.60, 8.436970887705684, 6.256817795801908, 110.0
2023-05-18_18:38:40.60, 9.172058444470167, 6.780100491363555, 111.0
2023-05-18_18:38:41.60, 9.821543735335581, 7.307488407474011, 111.0
2023-05-18_18:38:42.60, 10.475366260041483, 7.885864459443837, 111.0
2023-05-18_18:38:43.60, 11.089839804917574, 8.429564544931054, 108.0
2023-05-18_18:38:44.60, 11.719446694012731, 9.120732830371708, 110.0
2023-05-18_18:38:45.60, 12.341426894068718, 9.758424000814557, 108.0
2023-05-18_18:38:46.60, 12.926646745530888, 10.403317217249423, 112.0
2023-05-18_18:38:47.60, 13.517425665864721, 11.093124470673501, 112.0
2023-05-18_18:38:48.60, 14.140385336359031, 11.79392872704193, 108.0
2023-05-18_18:38:49.60, 14.81250551098492, 12.342060793656856, 109.0
2023-05-18_18:38:50.60, 15.577901066862978, 12.603405516594648, 108.0
2023-05-18_18:38:51.60, 16.39804011816159, 12.690389576368034, 113.0
2023-05-18_18:38:52.60, 17.10306264134124, 12.57647584984079, 109.0
2023-05-18_18:38:53.60, 17.623108134721406, 12.120754460338503, 108.0
2023-05-18_18:38:54.60, 18.09525719739031, 11.409978584386408, 106.0
2023-05-18_18:38:55.60, 18.827317490475252, 10.738399165682495, 106.0
2023-05-18_18:38:56.60, 19.73114600800909, 10.335026950575411, 110.0
2023-05-18_18:38:57.60, 20.540599893545732, 9.90926470560953, 106.0
2023-05-18_18:38:58.60, 21.2895939812297, 9.368363818153739, 107.0
2023-05-18_18:38:59.60, 22.010957653750665, 8.906866372097284, 102.0
2023-05-18_18:39:00.60, 22.72432558517903, 8.489936950616539, 102.0
2023-05-18_18:39:01.60, 23.332301942515187, 7.944881279952824, 108.0
2023-05-18_18:39:02.60, 23.76903022627812, 7.403779380954802, 108.0
2023-05-18_18:39:03.60, 23.89820063614752, 6.689983414951712, 108.0
2023-05-18_18:39:04.60, 23.567338838474825, 6.0869193891994655, 108.0
2023-05-18_18:39:05.60, 22.870344919501804, 5.778847927693278, 111.0
2023-05-18_18:39:06.60, 22.01135394605808, 5.691426548641175, 114.0
2023-05-18_18:39:07.60, 21.144790423102677, 5.846913273911923, 109.0
2023-05-18_18:39:08.60, 20.235070466645993, 6.122849057428539, 116.0
2023-05-18_18:39:09.60, 19.31095027225092, 6.318123581353575, 112.0
2023-05-18_18:39:10.60, 18.28385363786947, 6.595133387017995, 112.0
2023-05-18_18:39:11.60, 17.415397679782473, 6.824760602787137, 108.0
2023-05-18_18:39:12.60, 16.431759679457173, 7.124711014796048, 111.0
2023-05-18_18:39:13.60, 15.46718115103431, 7.370570521336049, 112.0
2023-05-18_18:39:14.60, 14.494096813490614, 7.657099900301546, 107.0
2023-05-18_18:39:15.60, 13.476013403967954, 7.9273099773563445, 104.0
2023-05-18_18:39:16.60, 12.56229225511197, 8.097319425083697, 81.0
2023-05-18_18:39:17.60, 11.602845701389015, 8.237670409027487, 85.0
2023-05-18_18:39:18.60, 10.631091764080338, 8.424329495988786, 82.0
2023-05-18_18:39:19.60, 9.748590464470908, 8.672839771024883, 85.0
2023-05-18_18:39:20.60, 8.836721446248703, 8.668803757987916, 80.0
2023-05-18_18:39:21.60, 8.222288604127243, 8.093653407879174, 85.0
2023-05-18_18:39:22.60, 8.212859305203892, 6.964490201789886, 85.0
2023-05-18_18:39:23.60, 8.853054112405516, 6.034883126150817, 87.0
2023-05-18_18:39:24.60, 9.587754347361624, 5.313603068701923, 88.0
2023-05-18_18:39:25.60, 9.980634146137163, 4.555846239440143, 79.0
2023-05-18_18:39:26.60, 10.000532985432073, 3.6270559555850923, 82.0
2023-05-18_18:39:27.60, 9.688729279208928, 2.880357297603041, 78.0
2023-05-18_18:39:28.60, 8.932892666431144, 2.3459994453005493, 82.0
2023-05-18_18:39:29.60, 7.964947079773992, 1.9655196904204786, 83.0
2023-05-18_18:39:30.60, 6.956134181120433, 1.8367186039686203, 81.0
2023-05-18_18:39:31.60, 6.112796050962061, 1.7689392087049782, 82.0
2023-05-18_18:39:32.60, 5.238504969980568, 1.6241462426260114, 81.0
2023-05-18_18:39:33.60, 4.40726879122667, 1.440490523353219, 87.0
2023-05-18_18:39:34.60, 3.542079749633558, 1.3271965156309307, 85.0
2023-05-18_18:39:35.60, 2.582978699472733, 1.2629377995617688, 83.0
2023-05-18_18:39:36.60, 1.886619299533777, 1.3180560846813023, 83.0
