0.7827303409576416,34.90726285,-120.44799919833333,0
0.8073503971099854,34.907262875,-120.44799919833333,0
0.8212435245513916,34.90726288333333,-120.447999185,0
0.8288576602935791,34.907262896666666,-120.44799918833333,0
0.8499860763549805,34.90726299166667,-120.447999185,0
1.0327446460723877,34.907263128333334,-120.44799920166666,0
1.2332699298858643,34.90726354,-120.44799908,0
1.4329719543457031,34.90726395666667,-120.447999045,0
1.6502461433410645,34.90726434333333,-120.44799903833334,0
1.8324790000915527,34.907264875,-120.44799906833333,0
2.032582998275757,34.90726555,-120.44799904333334,0
2.224710464477539,34.90726635,-120.44799913,0
2.444793462753296,34.90726721,-120.44799921333333,0
2.6276497840881348,34.90726802333333,-120.447999515,0
2.8425495624542236,34.907269095,-120.44799975,349.34
3.0169475078582764,34.907270096666664,-120.44799985833333,352.87
3.226677417755127,34.90727096333333,-120.44800023333333,339.24
3.4277164936065674,34.90727197,-120.44800064833333,340.6
3.6276612281799316,34.907273006666664,-120.44800102166667,343.61
3.8280932903289795,34.90727395,-120.44800154666666,336.23
4.027101993560791,34.90727502166666,-120.44800214833333,335.0
4.243753910064697,34.90727610333333,-120.448002725,335.88
4.4326088428497314,34.907277171666664,-120.44800339,332.79
4.633041858673096,34.907278315,-120.44800411833333,332.23
4.82824182510376,34.90727968833333,-120.448004765,338.56
5.026836395263672,34.90728091333333,-120.44800557666667,331.41
5.227080583572388,34.907282135,-120.44800640166666,331.39
5.427082300186157,34.90728347,-120.44800732166667,332.47
5.627921104431152,34.907284618333335,-120.44800836666667,324.45
5.832529783248901,34.907285805,-120.44800929,328.0
6.027071952819824,34.90728701,-120.44801023,326.21
6.227137327194214,34.907288306666665,-120.44801102,332.7
6.426969051361084,34.90728948666667,-120.44801192333334,327.62
6.626600503921509,34.9072907,-120.44801271333333,331.3
6.826083183288574,34.90729188666667,-120.44801367333334,325.67
7.028015851974487,34.90729295166667,-120.44801456666667,324.43
7.216419458389282,34.90729391833333,-120.44801554333333,319.79
7.427209377288818,34.907294655,-120.44801644166667,313.73
7.627648115158081,34.907295463333334,-120.44801736666666,315.21
7.832624673843384,34.90729624,-120.44801846333333,310.78
8.032525777816772,34.90729681333333,-120.448019695,299.86
8.215830326080322,34.90729751666667,-120.44802083333333,307.81
8.429824590682983,34.907298035,-120.44802212166667,296.82
8.629992008209229,34.90729837333333,-120.44802361,286.09
8.830249071121216,34.907298643333334,-120.44802512833333,282.41
9.03077507019043,34.90729876166667,-120.44802637,276.58
9.232363939285278,34.907298785,-120.44802761,271.3
9.432560443878174,34.90729886166667,-120.44802905333333,272.79
9.644155025482178,34.90729857666667,-120.44803025333333,253.11
9.832366943359375,34.90729823833333,-120.44803189333334,255.05
10.028136730194092,34.90729793333333,-120.44803361166667,257.63
10.227065086364746,34.90729745,-120.44803493,245.66
10.426615476608276,34.90729679333333,-120.44803643333333,241.83
10.643870830535889,34.90729636166667,-120.448037825,249.39
10.828269243240356,34.90729575666667,-120.44803884,234.34
11.027634620666504,34.907295088333335,-120.44804008,237.03
11.248862028121948,34.907294486666665,-120.44804103166666,232.41
11.426984548568726,34.907293853333336,-120.44804201833334,232.38
11.629181146621704,34.907292973333334,-120.44804315333333,227.17
11.826693534851074,34.90729227166667,-120.44804381,227.17
12.02556324005127,34.90729181,-120.44804463,227.17
12.225097894668579,34.90729103,-120.448045175,227.17
12.424692153930664,34.90729021,-120.44804601166666,219.71
12.625455617904663,34.90728958,-120.44804648833333,219.71
12.824511528015137,34.907288635,-120.44804710833333,208.49
13.029341697692871,34.907287671666666,-120.44804769833334,207.22
13.227012634277344,34.90728681,-120.44804826,208.5
13.426519393920898,34.907285645,-120.44804863833333,195.14
13.626352310180664,34.907284545,-120.448049105,199.94
13.826889753341675,34.907283496666665,-120.44804942333333,194.12
14.029030323028564,34.907282183333336,-120.448049635,188.05
14.227819919586182,34.90728108333333,-120.44804987833334,190.66
14.42880392074585,34.907279869999996,-120.44804997666667,184.2
14.628947496414185,34.90727863,-120.44804998,180.24
14.830383539199829,34.90727767166667,-120.44805001166667,181.92
15.025819301605225,34.907276825,-120.44805002666666,181.92
15.226051568984985,34.90727577333333,-120.44804996,177.35
15.428428173065186,34.907274896666664,-120.44804986333334,177.35
15.615540027618408,34.90727398,-120.44804976833333,175.75
15.827599048614502,34.90727297666667,-120.44804953333333,170.29
16.03136372566223,34.90727188666666,-120.44804930833334,171.3
16.22808313369751,34.907270835,-120.44804914,173.05
16.423885345458984,34.90726966,-120.44804861166666,159.99
16.625845432281494,34.90726833,-120.448048375,171.9
16.815707445144653,34.907267175,-120.44804787166666,160.37
17.032692909240723,34.90726578833333,-120.448047265,160.49
17.215821743011475,34.907264188333336,-120.44804676333334,166.0
17.43682885169983,34.90726299833333,-120.44804616333333,157.9
17.6305410861969,34.90726167166667,-120.44804536166667,153.98
17.8269100189209,34.907260085,-120.448044855,165.82
18.027350902557373,34.90725892333333,-120.44804411833333,153.15
18.22791314125061,34.90725757166667,-120.44804326166667,152.91
18.430312633514404,34.907256133333334,-120.44804259333333,159.68
18.625887155532837,34.90725515166667,-120.44804174833334,145.21
18.824202299118042,34.90725391833333,-120.44804075666667,146.95
19.030005931854248,34.90725284333333,-120.44804006,152.59
19.228652000427246,34.907252066666665,-120.448039125,135.61
19.44059133529663,34.90725090666667,-120.44803812166667,145.01
19.625980138778687,34.90725017333333,-120.448037275,136.94
19.825817823410034,34.90724934833333,-120.44803596166666,127.51
20.029220819473267,34.907247991666665,-120.448034695,142.8
20.229592084884644,34.907247356666666,-120.44803336333334,120.15
20.442188024520874,34.90724635833333,-120.44803175833333,127.17
20.63189935684204,34.907245526666664,-120.44803054,129.71
20.827505111694336,34.907244866666666,-120.448029185,120.36
21.02657985687256,34.907243898333334,-120.44802803833333,135.24
21.22653865814209,34.90724349,-120.44802717666667,135.24
21.43329644203186,34.90724286333333,-120.44802608833334,124.7
21.617399215698242,34.907242036666666,-120.44802504166667,133.51
21.817360877990723,34.907241825,-120.448024345,133.51
22.029741525650024,34.907241328333335,-120.44802349666666,133.51
22.215616941452026,34.90724092666667,-120.44802271666667,133.51
22.42722201347351,34.907240621666666,-120.44802198666666,133.51
22.615666389465332,34.90724025833333,-120.44802127666667,133.51
22.83289074897766,34.907239845,-120.44802037,133.51
23.041170120239258,34.9072395,-120.44801942,133.51
23.225751399993896,34.907239135,-120.44801848166667,133.51
23.432116508483887,34.907238746666664,-120.44801725833334,111.01
23.647257328033447,34.907238338333336,-120.4480159,110.32
23.83215069770813,34.90723800333333,-120.448014585,106.56
24.026183605194092,34.90723766,-120.44801323166666,107.18
24.23350214958191,34.907237308333336,-120.44801186,106.78
24.43220829963684,34.907237145,-120.44801060833333,97.92
24.62616801261902,34.907236958333336,-120.44800948,99.36
24.828983545303345,34.907236805,-120.44800800333333,96.34
25.028462171554565,34.90723668166667,-120.44800665333334,94.53
25.229716062545776,34.907236551666664,-120.44800551166666,95.05
25.42556405067444,34.90723649833333,-120.44800395166666,90.76
25.629603147506714,34.907236448333336,-120.44800234166667,89.9
25.842005491256714,34.907236575,-120.44800090333334,82.25
26.025795936584473,34.90723662166667,-120.44799909833333,87.18
26.229729413986206,34.90723672,-120.4479978,83.38
26.425177335739136,34.90723683666667,-120.44799667833334,83.63
26.62736940383911,34.907236831666665,-120.447994855,90.42
26.82925534248352,34.907236895,-120.44799348666666,85.1
27.02672791481018,34.90723689666667,-120.447992095,88.25
27.21507978439331,34.90723703166667,-120.44799092833334,82.14
27.44852876663208,34.90723696333333,-120.44798965166666,93.33
27.628369331359863,34.90723698,-120.447988525,90.77
27.824976444244385,34.907236995,-120.44798771,90.77
28.026373863220215,34.907237,-120.44798722,90.77
28.225754261016846,34.90723697,-120.44798702,90.77
28.42537236213684,34.90723695166667,-120.44798681666667,90.77
28.63260555267334,34.90723695166667,-120.44798672666667,90.77
28.8317973613739,34.90723695166667,-120.44798673166666,90.77
29.017778396606445,34.907236948333335,-120.447986865,90.77
29.231502532958984,34.907236913333335,-120.44798707,90.77
