20:19:07.00, 0.0, 0.0, 117.0
20:19:08.00, -0.0017224519979208708, -0.004115245305001736, 122.0
20:19:09.00, -0.006938731763511896, 0.0029643960297107697, 122.0
20:19:10.00, -0.01600957417394966, 0.017529203556478024, 114.0
20:19:11.00, -0.002535098814405501, 0.02121072495356202, 121.0
20:19:12.00, -0.012179844314232469, 0.02854496007785201, 118.0
20:19:13.00, -0.01563623663969338, 0.026604705955833197, 119.0
20:19:14.00, -0.014792438363656402, 0.023481433745473623, 122.0
20:19:15.00, -0.009482353227213025, 0.03620092011988163, 123.0
20:19:16.00, -0.013451846549287438, 0.030546975787729025, 120.0
20:19:17.00, -0.014688996132463217, 0.04291078029200435, 121.0
20:19:18.00, -0.006909433985128999, 0.031087548937648535, 123.0
20:19:19.00, -0.010215302696451545, 0.03507172130048275, 123.0
20:19:20.00, -0.021651089657098055, 0.029223152436316013, 118.0
20:19:21.00, -0.011787231313064694, 0.03688090294599533, 118.0
20:19:22.00, 0.0010369619121775031, 0.01871361769735813, 116.0
20:19:23.00, -0.011135478038340807, 0.023576760198920965, 118.0
20:19:24.00, -0.016555295791476965, 0.0267657651565969, 120.0
20:19:25.00, -0.014918864122591913, 0.016632556915283203, 119.0
20:19:26.00, -0.013706547790206969, 0.022769677452743053, 119.0
20:19:27.00, -0.013828887487761676, 0.0333123835735023, 117.0
20:19:28.00, -0.006431183312088251, 0.024439448956400156, 123.0
20:19:29.00, -0.005122476606629789, 0.026878767181187868, 122.0
20:19:30.00, -0.0024501990992575884, 0.023803158197551966, 123.0
20:19:31.00, -0.003301784861832857, 0.021375755313783884, 121.0
20:19:32.00, -0.0027694033924490213, 0.024349885527044535, 124.0
20:19:33.00, -0.0028735834639519453, 0.022497012745589018, 120.0
20:19:34.00, -0.0027067497139796615, 0.021946313790977, 122.0
20:19:35.00, -0.0033788972068578005, 0.02433399809524417, 121.0
20:19:36.00, -0.0022737287217751145, 0.022882679477334023, 122.0
20:19:37.00, 0.0007689183112233877, 0.02314700884744525, 120.0
20:19:38.00, -0.006464919890277088, 0.02573367953300476, 122.0
20:19:39.00, -0.0077128245029598475, 0.026811244897544384, 122.0
20:19:40.00, -0.006150535074993968, 0.02537184301763773, 121.0
20:19:41.00, -0.007074413704685867, 0.025717792101204395, 120.0
20:19:42.00, -0.004803272197023034, 0.026332042180001736, 119.0
20:19:43.00, -0.007669448968954384, 0.025147234089672565, 122.0
20:19:44.00, -0.007850738824345171, 0.026252604089677334, 119.0
20:19:45.00, -0.006436002789996564, 0.02462433883920312, 121.0
20:19:46.00, -0.006873845704831183, 0.02387286303564906, 122.0
20:19:47.00, -0.006840108893811703, 0.022578632924705744, 120.0
20:19:48.00, -0.0062595324125140905, 0.023703860584646463, 120.0
20:19:49.00, -0.0068834846606478095, 0.024242643732577562, 123.0
20:19:50.00, -0.006411905284039676, 0.023699888959527016, 120.0
20:19:51.00, -0.0068834846606478095, 0.024242643732577562, 123.0
20:19:52.00, -0.006464919890277088, 0.02573367953300476, 123.0
20:19:53.00, -0.005079100956209004, 0.02521475637331605, 118.0
20:19:54.00, -0.003826376749202609, 0.023952301125973463, 121.0
20:19:55.00, -0.005541041377000511, 0.025387730449438095, 122.0
20:19:56.00, -0.0064408223843201995, 0.024809228722006083, 122.0
20:19:57.00, -0.006764848483726382, 0.025540845934301615, 118.0
20:19:58.00, -0.007016579387709498, 0.023499110713601112, 121.0
20:19:59.00, -0.005993342725560069, 0.025190924759954214, 117.0
20:20:00.00, -0.0059837037697434425, 0.024821144528687, 125.0
20:20:01.00, -0.006731111789122224, 0.024246615823358297, 121.0
20:20:02.00, -0.007950096973218024, 0.02421484049409628, 118.0
20:20:03.00, -0.00782182184047997, 0.02514326199889183, 122.0
20:20:04.00, -0.006230615195818245, 0.022594520822167397, 119.0
20:20:05.00, -0.0059162304969504476, 0.022232683841139078, 122.0
20:20:06.00, -0.006631751311942935, 0.026284379418939352, 122.0
20:20:07.00, -0.005555499927140772, 0.025942401960492134, 121.0
20:20:08.00, -0.0037944918731227517, 0.02857852354645729, 118.0
20:20:09.00, -0.00304226647131145, 0.028968164697289467, 118.0
20:20:10.00, -0.001951554324477911, 0.028071518521755934, 125.0
20:20:11.00, -0.004031766555272043, 0.025982121005654335, 117.0
20:20:12.00, -0.00661247328389436, 0.025544817559421062, 122.0
20:20:13.00, -0.007193049881607294, 0.024419589433819056, 119.0
20:20:14.00, -0.007350242347456515, 0.02460050769150257, 122.0
20:20:15.00, -0.005954786669462919, 0.023711804766207933, 120.0
20:20:16.00, -0.008392757037654519, 0.023648254107683897, 121.0
20:20:17.00, -0.006520902505144477, 0.022031906060874462, 119.0
20:20:18.00, -0.006516082910820842, 0.02184701571241021, 124.0
20:20:19.00, -0.0024261015933007, 0.022878707386553288, 118.0
20:20:20.00, -0.008264481788501143, 0.024576676078140736, 121.0
20:20:21.00, -0.008412035182118416, 0.024387814570218325, 118.0
20:20:22.00, -0.008007931290194392, 0.026433520950376987, 123.0
20:20:23.00, -0.006007801275700331, 0.02574559533968568, 119.0
20:20:24.00, -0.0038601134438067675, 0.025246531702578068, 122.0
20:20:25.00, -0.00823556468822062, 0.02346733585000038, 121.0
20:20:26.00, -0.008849877980537713, 0.02363633830100298, 121.0
20:20:27.00, -0.006844928488135338, 0.02276352234184742, 120.0
20:20:28.00, -0.0064408223843201995, 0.024809228722006083, 123.0
20:20:29.00, -0.007217147503979504, 0.025344039779156446, 120.0
20:20:30.00, -0.006402266211807728, 0.023330108262598515, 118.0
20:20:31.00, -0.004897810984402895, 0.024109389167279005, 118.0
20:20:32.00, -0.008288579410873353, 0.025501126423478127, 119.0
20:20:33.00, -0.008474688860587776, 0.026791385374963284, 120.0
20:20:34.00, -0.005659677553921938, 0.024089529644697905, 118.0
20:20:35.00, -0.008269301382824779, 0.02476156549528241, 120.0
20:20:36.00, -0.007212328026071191, 0.025159149896353483, 121.0
20:20:37.00, -0.007950096973218024, 0.02421484049409628, 120.0
20:20:38.00, -0.006854567560367286, 0.023133302573114634, 118.0
20:20:39.00, -0.007168952375650406, 0.023495139088481665, 119.0
20:20:40.00, -0.005836148047819734, 0.02501000603660941, 120.0
20:20:41.00, -0.00825966231059283, 0.024391786195337772, 120.0
20:20:42.00, -0.0070647746324539185, 0.025348011404275894, 121.0
20:20:43.00, -0.008740880759432912, 0.025304320733994246, 119.0
20:20:44.00, -0.007050316082313657, 0.02479334082454443, 119.0
20:20:45.00, -0.005512124276719987, 0.024278391152620316, 123.0
20:20:46.00, -0.008436132688075304, 0.025312264449894428, 123.0
20:20:47.00, -0.008755339309573174, 0.025858991779386997, 120.0
20:20:48.00, -0.007355061825364828, 0.024785397108644247, 119.0
20:20:49.00, -0.007350242347456515, 0.02460050769150257, 121.0
20:20:50.00, -0.007398437475785613, 0.026449408382177353, 119.0
20:20:51.00, -0.006769667845219374, 0.025725735817104578, 121.0
20:20:52.00, -0.006218008464202285, 0.0279603055678308, 119.0
20:20:53.00, -0.006941318861208856, 0.02646132418885827, 120.0
20:20:54.00, -0.0064408223843201995, 0.024809228722006083, 119.0
20:20:55.00, -0.00707923318259418, 0.025902682915329933, 122.0
20:20:56.00, -0.005826508975587785, 0.024640226736664772, 122.0
20:20:57.00, -0.007807363290339708, 0.024588591884821653, 122.0
20:20:58.00, -0.006735931383445859, 0.024431505240499973, 121.0
20:20:59.00, -0.005417585605755448, 0.02650104369968176, 118.0
20:21:00.00, -0.006046357448212802, 0.027224715799093246, 121.0
20:21:01.00, -0.007521893247030675, 0.025336096063256264, 119.0
20:21:02.00, -0.004498524242080748, 0.02633998589590192, 121.0
20:21:03.00, -0.00704067712649703, 0.02442356152459979, 121.0
20:21:04.00, -0.007545990752987564, 0.026260547805577517, 121.0
20:21:05.00, -0.009659939794801176, 0.02546537946909666, 118.0
20:21:06.00, -0.010407350258901715, 0.02489084890112281, 121.0
20:21:07.00, -0.007383978925645351, 0.02589473919942975, 120.0
20:21:08.00, -0.006327005568891764, 0.026292323134839535, 119.0
20:21:09.00, -0.006426363717764616, 0.02425455953925848, 119.0
20:21:10.00, -0.007727283053100109, 0.027365914545953274, 120.0
20:21:11.00, -0.006489017512649298, 0.02665812987834215, 123.0
20:21:12.00, -0.006798585061915219, 0.02683507651090622, 126.0
20:21:13.00, -0.006055996520444751, 0.027594496961683035, 120.0
20:21:14.00, -0.007988653145730495, 0.02569396048784256, 123.0
20:21:15.00, -0.007635712274350226, 0.02385300351306796, 119.0
20:21:16.00, -0.0065305414609611034, 0.02240168722346425, 120.0
20:21:17.00, -0.005550680449232459, 0.025757511146366596, 120.0
20:21:18.00, -0.0027742229867726564, 0.024534774478524923, 121.0
20:21:19.00, -0.004493704764172435, 0.026155094616115093, 120.0
20:21:20.00, -0.00373183807823807, 0.026174954138696194, 120.0
20:21:21.00, -0.00616499362513423, 0.02592651406303048, 118.0
20:21:22.00, -0.007703185547143221, 0.02644146466627717, 121.0
20:21:23.00, -0.0052941275062039495, 0.027614356484264135, 118.0
20:21:24.00, -0.00572233134880662, 0.02649309951812029, 120.0
20:21:25.00, -0.006351103191263974, 0.02721677254885435, 120.0
20:21:26.00, -0.004193778499029577, 0.0263479296118021, 121.0
20:21:27.00, -0.007141886977478862, 0.02830625232309103, 119.0
20:21:28.00, -0.006513115135021508, 0.027582581155002117, 119.0
20:21:29.00, -0.006341464119032025, 0.02684699185192585, 119.0
20:21:30.00, -0.00695577752776444, 0.027015995234251022, 118.0
20:21:31.00, -0.006317366613075137, 0.025922542437911034, 119.0
20:21:32.00, -0.0043702489929273725, 0.027268406935036182, 118.0
20:21:33.00, -0.006232466897927225, 0.02851497335359454, 120.0
20:21:34.00, -0.0057175117544829845, 0.0263082105666399, 128.0
20:21:35.00, -0.00527966907247901, 0.02705968637019396, 122.0
20:21:36.00, -0.0017750838305801153, 0.02715103980153799, 119.0
20:21:37.00, -0.002923628082498908, 0.03026636689901352, 123.0
20:21:38.00, -0.0026188823394477367, 0.030274310614913702, 121.0
20:21:39.00, -0.008588507887907326, 0.02530829282477498, 124.0
20:21:40.00, -0.006027079303748906, 0.02648515533655882, 122.0
20:21:41.00, -0.004960464662872255, 0.02651295904070139, 121.0
20:21:42.00, -0.005751248449087143, 0.027602440677583218, 121.0
20:21:43.00, -0.0051128375343978405, 0.02650898741558194, 120.0
20:21:44.00, -0.004208237049169838, 0.026902598794549704, 119.0
20:21:45.00, -0.0039034889778122306, 0.026910542510449886, 120.0
20:21:46.00, -0.006936499266885221, 0.02627643570303917, 116.0
20:21:47.00, -0.005093559506349266, 0.025769426953047514, 122.0
20:21:48.00, -0.006489017512649298, 0.02665812987834215, 142.0
20:21:49.00, -0.006327005568891764, 0.026292323134839535, 125.0
20:21:50.00, -0.005589236505329609, 0.02723663207143545, 122.0
20:21:51.00, -0.0069509579334408045, 0.026831104420125484, 119.0
20:21:52.00, -0.005816870019771159, 0.024270446971058846, 121.0
20:21:53.00, -0.006607653689570725, 0.025359927210956812, 118.0
20:21:54.00, -0.0056982338428497314, 0.025568649172782898, 120.0
20:21:55.00, -0.0029844323871657252, 0.026749483309686184, 119.0
20:21:56.00, -0.002960334764793515, 0.025825033895671368, 120.0
20:21:57.00, -0.006184271769598126, 0.026666073594242334, 124.0
20:21:58.00, -0.005374209955334663, 0.024837032426148653, 120.0
20:21:59.00, -0.0058988017262890935, 0.027413577307015657, 127.0
20:22:00.00, -0.0032602609135210514, 0.025632199365645647, 120.0
20:22:01.00, -0.005879523698240519, 0.026674017310142517, 120.0
20:22:02.00, -0.005093559506349266, 0.025769426953047514, 119.0
20:22:03.00, -0.005741609493270516, 0.027232659980654716, 121.0
20:22:04.00, -0.006740750861354172, 0.024616395123302937, 117.0
20:22:05.00, -0.004650897113606334, 0.026336013805121183, 118.0
20:22:06.00, -0.0027983204927295446, 0.025459224823862314, 123.0
20:22:07.00, -0.002713420893996954, 0.028051658999174833, 121.0
20:22:08.00, -0.007741741719655693, 0.027920586057007313, 121.0
20:22:09.00, -0.006355922669172287, 0.027401661965996027, 124.0
20:22:10.00, -0.004728009458631277, 0.029294253792613745, 120.0
20:22:11.00, -0.006174632697366178, 0.02629629522562027, 120.0
20:22:12.00, -0.007845919346436858, 0.02606771280989051, 120.0
20:22:13.00, -0.00875051983166486, 0.02567410096526146, 118.0
20:22:14.00, -0.007579727447591722, 0.027554777916520834, 119.0
20:22:15.00, -0.007674268446862698, 0.02533212397247553, 122.0
20:22:16.00, -0.006498656584881246, 0.02702791104093194, 122.0
20:22:17.00, -0.00847950845491141, 0.02697627618908882, 118.0
20:22:18.00, -0.006970236077904701, 0.0275706653483212, 122.0
20:22:19.00, -0.0069509579334408045, 0.026831104420125484, 121.0
20:22:20.00, -0.00754117127507925, 0.02607565652579069, 121.0
20:22:21.00, -0.00743217405397445, 0.027743639424443245, 118.0
20:22:22.00, -0.006617292761802673, 0.025729707442224026, 120.0
20:22:23.00, -0.008278940338641405, 0.0251313466578722, 118.0
20:22:24.00, -0.008537342539057136, 0.02919495664536953, 125.0
20:22:25.00, -0.008017570246011019, 0.0268033011816442, 119.0
20:22:26.00, -0.007412896025925875, 0.027004079427570105, 119.0
20:22:27.00, -0.006131257046945393, 0.02463228302076459, 123.0
20:22:28.00, -0.008189221262000501, 0.02753889048472047, 122.0
20:22:29.00, -0.00758936651982367, 0.027924558147788048, 122.0
20:22:30.00, -0.007093691732734442, 0.026457352098077536, 119.0
20:22:31.00, -0.006450461340136826, 0.025179009418934584, 118.0
20:22:32.00, -0.007398437475785613, 0.026449408382177353, 121.0
20:22:33.00, -0.0073454228695482016, 0.024415617808699608, 121.0
20:22:34.00, -0.008283759816549718, 0.025316236540675163, 121.0
20:22:35.00, -0.007584546925500035, 0.02773966733366251, 121.0
20:22:36.00, -0.007507434696890414, 0.0247814254835248, 119.0
20:22:37.00, -0.008155484567396343, 0.02624466037377715, 117.0
20:22:38.00, -0.006774487439543009, 0.025910626631230116, 120.0
20:22:39.00, -0.008341594133526087, 0.027534918393939734, 119.0
20:22:40.00, -0.007188230403698981, 0.02423470001667738, 22.0
20:22:41.00, -0.0069075822830200195, 0.025167093612253666, 118.0
20:22:42.00, -0.007574907969683409, 0.02736988663673401, 122.0
20:22:43.00, -0.00777362659573555, 0.02329436084255576, 120.0
20:22:44.00, -0.007950096973218024, 0.02421484049409628, 118.0
20:22:45.00, -0.006755209411494434, 0.0251710657030344, 122.0
20:22:46.00, -0.005521763348951936, 0.024648170452564955, 123.0
20:22:47.00, -0.010274253087118268, 0.02563438192009926, 125.0
20:22:48.00, -0.009321457473561168, 0.024179093539714813, 120.0
20:22:49.00, -0.007584546925500035, 0.02773966733366251, 120.0
20:22:50.00, -0.0073647008975967765, 0.025155177805572748, 114.0
20:22:51.00, -0.006116798613220453, 0.0240776133723557, 125.0
20:22:52.00, -0.008240384282544255, 0.023652226198464632, 117.0
20:22:53.00, -0.009011889924295247, 0.024002147372812033, 121.0
20:22:54.00, -0.010378433158621192, 0.02378150913864374, 120.0
20:22:55.00, -0.008017570246011019, 0.0268033011816442, 121.0
20:22:56.00, -0.010992744122631848, 0.023950512520968914, 120.0
20:22:57.00, -0.011193312122486532, 0.025795441586524248, 119.0
20:22:58.00, -0.008436132688075304, 0.025312264449894428, 119.0
20:22:59.00, -0.010954187950119376, 0.02247139159590006, 118.0
20:23:00.00, -0.01026461401488632, 0.025264601223170757, 123.0
20:23:01.00, -0.008549951831810176, 0.023829171899706125, 119.0
20:23:02.00, -0.009398569818586111, 0.027137333992868662, 121.0
20:23:03.00, -0.009193182224407792, 0.025107515044510365, 119.0
20:23:04.00, -0.00812656746711582, 0.025135318282991648, 121.0
20:23:05.00, -0.006835289532318711, 0.02239374304190278, 122.0
20:23:06.00, -0.009149806457571685, 0.023443504236638546, 117.0
20:23:07.00, -0.00882096088025719, 0.022526998538523912, 122.0
20:23:08.00, -0.009464191272854805, 0.02380534028634429, 119.0
20:23:09.00, -0.007069594110362232, 0.025532902218401432, 119.0
20:23:10.00, -0.00904080702457577, 0.0251114871352911, 119.0
20:23:11.00, -0.009517205995507538, 0.025839132256805897, 117.0
20:23:12.00, -0.009955048793926835, 0.025087655521929264, 121.0
20:23:13.00, -0.008327135583385825, 0.026980248279869556, 151.0
20:23:14.00, -0.006460100412368774, 0.025548789650201797, 125.0
20:23:15.00, -0.008721602731384337, 0.024564760737121105, 117.0
20:23:16.00, -0.008421674137935042, 0.024757593870162964, 121.0
20:23:17.00, -0.00840721558779478, 0.02420292468741536, 118.0
20:23:18.00, -0.009021528996527195, 0.024371926672756672, 122.0
20:23:19.00, -0.008450591238215566, 0.025866935960948467, 118.0
20:23:20.00, -0.008298218483105302, 0.025870907586067915, 120.0
20:23:21.00, -0.006578736589290202, 0.024250587914139032, 117.0
20:23:22.00, -0.006288449512794614, 0.024813200812786818, 119.0
20:23:23.00, -0.005265210405923426, 0.026505015324801207, 120.0
20:23:24.00, -0.004750257590785623, 0.024298250675201416, 118.0
20:23:25.00, -0.005359751405194402, 0.024282362777739763, 120.0
20:23:26.00, -0.008859517052769661, 0.024006119463592768, 122.0
20:23:27.00, -0.008278940338641405, 0.0251313466578722, 117.0
20:23:28.00, -0.008269301382824779, 0.02476156549528241, 118.0
20:23:29.00, -0.006450461340136826, 0.025179009418934584, 126.0
20:23:30.00, -0.005098378984257579, 0.025954317301511765, 118.0
20:23:31.00, -0.007488156668841839, 0.024041866417974234, 119.0
20:23:32.00, -0.007093691732734442, 0.026457352098077536, 119.0
20:23:33.00, -0.005488026654347777, 0.023353939410299063, 121.0
20:23:34.00, -0.00572233134880662, 0.02649309951812029, 120.0
20:23:35.00, -0.007084052660502493, 0.02608757233247161, 122.0
20:23:36.00, -0.008612605510279536, 0.026232744101434946, 117.0
20:23:37.00, -0.008740880759432912, 0.025304320733994246, 116.0
20:23:38.00, -0.006445641862228513, 0.024994118604809046, 123.0
20:23:39.00, -0.008402396109886467, 0.024018034804612398, 118.0
20:23:40.00, -0.005512124276719987, 0.024278391152620316, 121.0
20:23:41.00, -0.004155222442932427, 0.024868807289749384, 121.0
20:23:42.00, -0.0029025004478171468, 0.023606352042406797, 121.0
20:23:43.00, -0.008141026017256081, 0.025689988862723112, 119.0
20:23:44.00, -0.006936499266885221, 0.02627643570303917, 120.0
20:23:45.00, -0.006160174147225916, 0.025741623248904943, 119.0
20:23:46.00, -0.004375068470835686, 0.027453296817839146, 121.0
20:23:47.00, -0.005756067926995456, 0.027787330094724894, 122.0
20:23:48.00, -0.01010742166545242, 0.025083683896809816, 122.0
20:23:49.00, -0.00840721558779478, 0.02420292468741536, 128.0
20:23:50.00, -0.009164265124127269, 0.023998175282031298, 122.0
20:23:51.00, -0.009831593022681773, 0.026200968772172928, 125.0
20:23:52.00, -0.008902892703190446, 0.02567012934014201, 122.0
20:23:53.00, -0.009226918802596629, 0.02640174562111497, 122.0
20:23:54.00, -0.00938893062993884, 0.026767554227262735, 127.0
20:23:55.00, -0.008578868815675378, 0.024938511662185192, 121.0
20:23:56.00, -0.008327135583385825, 0.026980248279869556, 123.0
20:23:57.00, -0.007146706455387175, 0.028491141740232706, 125.0
20:23:58.00, -0.0072267865762114525, 0.02571382001042366, 119.0
20:23:59.00, -0.0077128245029598475, 0.026811244897544384, 119.0
20:24:00.00, -0.009246196830645204, 0.02714130561798811, 123.0
20:24:01.00, -0.008341594133526087, 0.027534918393939734, 125.0
20:24:02.00, -0.006679946556687355, 0.028133279643952847, 121.0
20:24:03.00, -0.008808354032225907, 0.02789278281852603, 124.0
20:24:04.00, -0.009635842172428966, 0.02454092912375927, 120.0
20:24:05.00, -0.010736193507909775, 0.025807357393205166, 122.0
20:24:06.00, -0.009841232094913721, 0.026570748072117567, 122.0
20:24:07.00, -0.00710333080496639, 0.02682713232934475, 121.0
20:24:08.00, -0.01173236477188766, 0.028926656115800142, 119.0
20:24:09.00, -0.00892217073123902, 0.026409689337015152, 120.0
20:24:10.00, -0.008112108916975558, 0.02458064816892147, 118.0
20:24:11.00, -0.006774487439543009, 0.025910626631230116, 123.0
20:24:12.00, -0.0035891042789444327, 0.026548706460744143, 119.0
20:24:13.00, -0.0025851456448435783, 0.028980080038309097, 122.0
20:24:14.00, -0.0077128245029598475, 0.026811244897544384, 118.0
20:24:15.00, -0.009183543152175844, 0.024737734347581863, 115.0
20:24:16.00, -0.008784256409853697, 0.02696833247318864, 125.0
20:24:17.00, -0.006922040833160281, 0.025721763726323843, 123.0
20:24:18.00, -0.008532523061148822, 0.02901006629690528, 121.0
20:24:19.00, -0.007035857532173395, 0.024238672107458115, 121.0
20:24:20.00, -0.012317758752033114, 0.02798631926998496, 119.0
20:24:21.00, -0.009188362630084157, 0.024922624230384827, 116.0
20:24:22.00, -0.00583132856991142, 0.024825116619467735, 119.0
20:24:23.00, -0.004655716591514647, 0.02652090322226286, 121.0
20:24:24.00, -0.003951684222556651, 0.028759443201124668, 122.0
20:24:25.00, -0.0016805451596155763, 0.029373691882938147, 121.0
20:24:26.00, -0.0024520508013665676, 0.02972361259162426, 119.0
20:24:27.00, 0.0007622494595125318, 0.029252352192997932, 120.0
20:24:28.00, -0.0062595324125140905, 0.023703860584646463, 121.0
20:24:29.00, -0.007473698002286255, 0.023487195372581482, 121.0
20:24:30.00, -0.007193049881607294, 0.024419589433819056, 119.0
20:24:31.00, -0.004116666270419955, 0.023389686830341816, 116.0
20:24:32.00, -0.006174632697366178, 0.02629629522562027, 121.0
20:24:33.00, -0.010697637451812625, 0.024328236002475023, 121.0
20:24:34.00, -0.009759300271980464, 0.02342761680483818, 126.0
20:24:35.00, -0.009582827566191554, 0.022507139015942812, 119.0
20:24:36.00, -0.007326144725084305, 0.02367605734616518, 119.0
20:24:37.00, -0.008936629397794604, 0.026964360382407904, 122.0
20:24:38.00, -0.009979146416299045, 0.026012106332927942, 119.0
20:24:39.00, -0.007446632720530033, 0.028298308607190847, 120.0
20:24:40.00, -0.007836280390620232, 0.025697932578623295, 134.0
20:24:41.00, -0.008336774539202452, 0.02735002711415291, 121.0
20:24:42.00, -0.008365691639482975, 0.028459366876631975, 119.0
20:24:43.00, -0.00985087116714567, 0.026940528769046068, 119.0
20:24:44.00, -0.01013151928782463, 0.026008134242147207, 120.0
20:24:45.00, -0.009879788267426193, 0.028049869928508997, 117.0
20:24:46.00, -0.009316637995652854, 0.02399420365691185, 124.0
20:24:47.00, -0.009768939344212413, 0.023797396570444107, 121.0
20:24:48.00, -0.008707144181244075, 0.024010091088712215, 122.0
20:24:49.00, -0.009626203216612339, 0.02417114982381463, 121.0
20:24:50.00, -0.009930951287969947, 0.024163206107914448, 125.0
20:24:51.00, -0.01010742166545242, 0.025083683896809816, 119.0
20:24:52.00, -0.010121880215592682, 0.025638354010879993, 118.0
20:24:53.00, -0.010206779930740595, 0.02304592030122876, 120.0
20:24:54.00, -0.00825966231059283, 0.024391786195337772, 120.0
20:24:55.00, -0.006917221355251968, 0.02553687384352088, 121.0
20:24:56.00, -0.009331096429377794, 0.024548872373998165, 123.0
20:24:57.00, -0.008830599952489138, 0.022896778769791126, 122.0
20:24:58.00, -0.009650300838984549, 0.025095599237829447, 123.0
20:24:59.00, -0.00967921782284975, 0.026204940862953663, 122.0
20:25:00.00, -0.008392757037654519, 0.023648254107683897, 121.0
20:25:01.00, -0.007768807117827237, 0.02310947049409151, 120.0
20:25:02.00, -0.0076260732021182775, 0.023483223281800747, 120.0
20:25:03.00, -0.005265210405923426, 0.026505015324801207, 118.0
20:25:04.00, -0.00577052659355104, 0.028341999743133783, 120.0
20:25:05.00, -0.013174166320823133, 0.025743806269019842, 123.0
20:25:06.00, -0.011860640137456357, 0.02799823507666588, 120.0
20:25:07.00, -0.012856811401434243, 0.03111753473058343, 122.0
20:25:08.00, -0.012985086650587618, 0.03018911136314273, 122.0
20:25:09.00, -0.012699618935585022, 0.030936616472899914, 125.0
20:25:10.00, -0.010418838704936206, 0.031181085389107466, 121.0
20:25:11.00, -0.012784518650732934, 0.02834418136626482, 122.0
20:25:12.00, -0.013536746264435351, 0.02795454440638423, 125.0
20:25:13.00, -0.011227048700675368, 0.027089671231806278, 121.0
20:25:14.00, -0.011584811378270388, 0.02911551808938384, 121.0
20:25:15.00, -0.009531664429232478, 0.026393801905214787, 121.0
20:25:16.00, -0.009589498746208847, 0.028612482361495495, 137.0
20:25:17.00, -0.008999283076263964, 0.029367931187152863, 118.0
20:25:18.00, -0.0079712268197909, 0.03087485581636429, 121.0
20:25:19.00, -0.009693676372990012, 0.026759610045701265, 122.0
20:25:20.00, -0.009698495967313647, 0.026944500859826803, 122.0
20:25:21.00, -0.00937447207979858, 0.026212884578853846, 125.0
20:25:22.00, -0.01109395397361368, 0.027833204250782728, 124.0
20:25:23.00, -0.01109395397361368, 0.027833204250782728, 120.0
20:25:24.00, -0.011993734864518046, 0.02725470159202814, 125.0
20:25:25.00, -0.01015561691019684, 0.026932585053145885, 122.0
20:25:26.00, -0.010583820636384189, 0.025811329018324614, 122.0
20:25:27.00, -0.009655120316892862, 0.02528048912063241, 123.0
20:25:28.00, -0.010397711186669767, 0.024521069135516882, 118.0
20:25:29.00, -0.01059827918652445, 0.026365998666733503, 122.0
20:25:30.00, -0.011222229339182377, 0.026904781814664602, 122.0
20:25:31.00, -0.010665752459317446, 0.028954459354281425, 126.0
20:25:32.00, -0.011289702379144728, 0.029493242036551237, 126.0
20:25:33.00, -0.008527703583240509, 0.02882517548277974, 122.0
20:25:34.00, -0.004684633808210492, 0.0276302439160645, 122.0
20:25:35.00, -0.009355194051750004, 0.025473323184996843, 122.0
20:25:36.00, -0.006583556183613837, 0.02443547733128071, 124.0
20:25:37.00, -0.011517338221892715, 0.02652705693617463, 123.0
20:25:38.00, -0.010307989781722426, 0.02692861296236515, 119.0
20:25:39.00, -0.010317628737539053, 0.02729839226230979, 128.0
20:25:40.00, -0.009903885773383081, 0.028974318876862526, 119.0
20:25:41.00, -0.012603228678926826, 0.027238814160227776, 123.0
20:25:42.00, -0.010332087287679315, 0.02785306377336383, 121.0
20:25:43.00, -0.010455545503646135, 0.026739750523120165, 121.0
20:25:44.00, -0.01110841240733862, 0.02838787203654647, 119.0
20:25:45.00, -0.008465049788355827, 0.02642160514369607, 118.0
20:25:46.00, -0.00955576216802001, 0.02731825178489089, 123.0
20:25:47.00, -0.0037173795280978084, 0.02562028355896473, 122.0
20:25:48.00, -0.006051176926121116, 0.02740960568189621, 121.0
20:25:49.00, -0.006331825163215399, 0.026477211620658636, 122.0
20:25:50.00, -0.009950229316018522, 0.024902764707803726, 125.0
20:25:51.00, -0.008341594133526087, 0.027534918393939734, 123.0
20:25:52.00, -0.005574777955189347, 0.0266819610260427, 123.0
20:25:53.00, -0.007398437475785613, 0.026449408382177353, 122.0
20:25:54.00, -0.0057608874049037695, 0.02797222090885043, 123.0
20:25:55.00, -0.006380020291544497, 0.02832611184567213, 124.0
20:25:56.00, -0.005504336906597018, 0.029829065781086683, 116.0
20:25:57.00, -0.005889162770472467, 0.027043798472732306, 126.0
20:25:58.00, -0.0042805299162864685, 0.029675949830561876, 124.0
20:25:59.00, -0.0077610197477042675, 0.028660145588219166, 123.0
20:26:00.00, -0.006055996520444751, 0.027594496961683035, 126.0
20:26:01.00, -0.008926990209147334, 0.026594579219818115, 119.0
20:26:02.00, -0.007898934069089592, 0.02810150431469083, 123.0
20:26:03.00, -0.007574907969683409, 0.02736988663673401, 152.0
20:26:04.00, -0.006679946556687355, 0.028133279643952847, 124.0
20:26:05.00, -0.005775345955044031, 0.02852688916027546, 124.0
20:26:06.00, -0.008327135583385825, 0.026980248279869556, 119.0
20:26:07.00, -0.00756526889745146, 0.027000107802450657, 118.0
20:26:08.00, -0.009236557874828577, 0.026771525852382183, 118.0
20:26:09.00, -0.010818125330843031, 0.028950487729161978, 128.0
20:26:10.00, -0.009722593589685857, 0.027868951205164194, 122.0
20:26:11.00, -0.010027341544628143, 0.02786100748926401, 119.0
20:26:12.00, -0.007560449419543147, 0.02681521698832512, 124.0
20:26:13.00, -0.006198730319738388, 0.0272207441739738, 120.0
20:26:14.00, -0.006193910841830075, 0.027035854756832123, 118.0
20:26:15.00, -0.010307989781722426, 0.02692861296236515, 119.0
20:26:16.00, -0.007775478297844529, 0.02921481616795063, 122.0
20:26:17.00, -0.009737052139826119, 0.028423619456589222, 123.0
20:26:18.00, -0.007284620776772499, 0.027932502329349518, 119.0
20:26:19.00, -0.009817134472541511, 0.025646297726780176, 120.0
20:26:20.00, -0.010794027708470821, 0.02802603831514716, 121.0
20:26:21.00, -0.010641654953360558, 0.028030010405927896, 126.0
20:26:22.00, -0.009756330167874694, 0.02916318131610751, 119.0
20:26:23.00, -0.008951087831519544, 0.027519030962139368, 125.0
20:26:24.00, -0.009560581645928323, 0.027503143064677715, 118.0
20:26:25.00, -0.008493967005051672, 0.027530946768820286, 139.0
20:26:26.00, -0.008784256409853697, 0.02696833247318864, 120.0
20:26:27.00, -0.009364833123981953, 0.025843104347586632, 121.0
20:26:28.00, -0.009756330167874694, 0.02916318131610751, 117.0
20:26:29.00, -0.008960726903751493, 0.027888810727745295, 123.0
20:26:30.00, -0.010641654953360558, 0.028030010405927896, 127.0
20:26:31.00, -0.009166114497929811, 0.029918629210442305, 118.0
20:26:32.00, -0.010699489153921604, 0.03024868993088603, 118.0
20:26:33.00, -0.009918344323523343, 0.02952898945659399, 121.0
20:26:43.00, -0.010061078239232302, 0.02915523760020733, 122.0
20:26:44.00, -0.009560581645928323, 0.027503143064677715, 122.0
20:26:45.00, -0.00803202879615128, 0.02735797083005309, 123.0
20:26:46.00, -0.005516943754628301, 0.02446328056976199, 118.0
20:26:47.00, -0.010150797432288527, 0.026747694704681635, 123.0
20:26:48.00, -0.01095122005790472, 0.028206955175846815, 121.0
20:26:49.00, -0.01033690688200295, 0.02803795412182808, 121.0
20:26:50.00, -0.011570352944545448, 0.028560847975313663, 125.0
20:26:51.00, -0.0092654749751091, 0.027880867011845112, 121.0
20:26:52.00, -0.009156475425697863, 0.02954884897917509, 118.0
20:26:53.00, -0.009422667324543, 0.028061785269528627, 120.0
20:26:54.00, -0.011103593045845628, 0.02820298308506608, 125.0
20:26:55.00, -0.011427616816945374, 0.028934599831700325, 121.0
20:26:56.00, -0.010380282532423735, 0.029701964929699898, 120.0
20:26:57.00, -0.009603957296349108, 0.029167153406888247, 117.0
20:26:58.00, -0.00854216213338077, 0.02937984699383378, 121.0
20:26:59.00, -0.00859035737812519, 0.03122874815016985, 121.0
20:27:00.00, -0.00996172009035945, 0.031193001195788383, 122.0
20:27:01.00, -0.009899066295474768, 0.028789428528398275, 122.0
20:27:02.00, -0.009323309175670147, 0.030099546536803246, 128.0
20:27:03.00, -0.010252007283270359, 0.030630385968834162, 119.0
20:27:04.00, -0.008999283076263964, 0.029367931187152863, 121.0
20:27:05.00, -0.0068853364791721106, 0.03016309766098857, 120.0
20:27:06.00, -0.0049285797867923975, 0.031139183789491653, 117.0
20:27:07.00, -0.009199851076118648, 0.031212860718369484, 120.0
20:27:08.00, -0.009437125874683261, 0.02861645445227623, 122.0
20:27:09.00, -0.010842222953215241, 0.02987493807449937, 122.0
20:27:10.00, -0.010808486258611083, 0.028580707032233477, 120.0
20:27:11.00, -0.01317601790651679, 0.03166426019743085, 123.0
20:27:12.00, -0.012256956659257412, 0.031503202859312296, 120.0
20:27:13.00, -0.01167156279552728, 0.03244353970512748, 122.0
20:27:14.00, -0.010924154776148498, 0.03301806980744004, 122.0
20:27:15.00, -0.014881041133776307, 0.03272991022095084, 119.0
20:27:16.00, -0.011990767205134034, 0.03299026656895876, 117.0
20:27:17.00, -0.010414019110612571, 0.030996195040643215, 122.0
20:27:18.00, -0.009385962854139507, 0.03250311827287078, 126.0
20:27:19.00, -0.00935222627595067, 0.03120888862758875, 119.0
20:27:20.00, -0.010300202411599457, 0.032479286659508944, 122.0
20:27:21.00, -0.011509548523463309, 0.03207773109897971, 118.0
20:27:22.00, -0.01378551172092557, 0.031648372299969196, 124.0
20:27:23.00, -0.010542296688072383, 0.030067771673202515, 121.0
20:27:24.00, -0.0113282585516572, 0.03097236342728138, 124.0
20:27:25.00, -0.01099941530264914, 0.030055855866521597, 120.0
20:27:26.00, -0.010875959531404078, 0.031169169582426548, 123.0
20:27:27.00, -0.011361995246261358, 0.03226659307256341, 121.0
20:27:28.00, -0.011446894844993949, 0.029674161691218615, 123.0
20:27:38.00, -0.009990637190639973, 0.032302340026944876, 121.0
20:27:39.00, -0.01210940326564014, 0.03169206343591213, 123.0
20:27:40.00, -0.010128551395609975, 0.031743697822093964, 127.0
20:27:41.00, -0.010418838704936206, 0.031181085389107466, 122.0
20:27:42.00, -0.00979006674606353, 0.030457411892712116, 117.0
20:27:43.00, -0.011248178547248244, 0.033749686088413, 122.0
20:27:44.00, -0.01091451570391655, 0.03264828911051154, 122.0
20:27:45.00, -0.00997617852408439, 0.0317476699128747, 123.0
20:27:46.00, -0.012580982758663595, 0.032234817277640104, 118.0
20:27:47.00, -0.010718767065554857, 0.030988251324743032, 120.0
20:27:48.00, -0.008447623462416232, 0.031602500937879086, 126.0
20:27:49.00, -0.00792303157504648, 0.029025953728705645, 120.0
20:27:50.00, -0.012247317587025464, 0.031133422628045082, 118.0
20:27:51.00, -0.011013873852789402, 0.03061052644625306, 119.0
20:27:52.00, -0.009185392525978386, 0.030658189207315445, 125.0
20:27:53.00, -0.011190344346687198, 0.031531006563454866, 123.0
20:27:54.00, -0.009371504303999245, 0.031948447693139315, 121.0
20:27:55.00, -0.01336694706697017, 0.033139409963041544, 118.0
20:27:56.00, -0.01070912810973823, 0.030618470162153244, 119.0
20:27:57.00, -0.010295382817275822, 0.03229439631104469, 128.0
20:27:58.00, -0.011357175651937723, 0.03208170318976045, 121.0
20:27:59.00, -0.010467033833265305, 0.03302998561412096, 125.0
20:28:00.00, -0.00972926476970315, 0.03397429548203945, 119.0
20:28:01.00, -0.011509548523463309, 0.03207773109897971, 117.0
20:28:02.00, -0.0113282585516572, 0.03097236342728138, 121.0
20:28:03.00, -0.010924154776148498, 0.03301806980744004, 120.0
20:28:04.00, -0.012747814180329442, 0.03278551669791341, 126.0
20:28:05.00, -0.01024236821103841, 0.030260605737566948, 138.0
20:28:06.00, -0.009395601809956133, 0.03287289850413799, 119.0
20:28:07.00, -0.01075732335448265, 0.03246737131848931, 119.0
20:28:08.00, -0.008580718305893242, 0.030858968384563923, 119.0
20:28:09.00, -0.00765202019829303, 0.03032812848687172, 122.0
20:28:10.00, -0.006771517335437238, 0.031646191608160734, 119.0
20:28:11.00, -0.012104583787731826, 0.03150717495009303, 120.0
20:28:12.00, -0.008895105333067477, 0.031220804434269667, 116.0
20:28:13.00, -0.010771781904622912, 0.03302204189822078, 120.0
20:28:14.00, -0.011323439190164208, 0.030787473544478416, 122.0
20:28:15.00, -0.01169566041789949, 0.033367990516126156, 119.0
20:28:16.00, -0.010909696109592915, 0.03246339922770858, 122.0
20:28:17.00, -0.009076395304873586, 0.03232617164030671, 121.0
20:28:27.00, -0.011347536696121097, 0.03171192295849323, 118.0
20:28:28.00, -0.011809477116912603, 0.031884897500276566, 119.0
20:28:29.00, -0.008790927706286311, 0.033073676750063896, 118.0
20:28:30.00, -0.008776469039730728, 0.03251900617033243, 118.0
20:28:31.00, -0.011071707936935127, 0.032829207833856344, 118.0
20:28:32.00, -0.008972217561677098, 0.034179044887423515, 122.0
20:28:33.00, -0.00849581859074533, 0.03345140069723129, 118.0
20:28:34.00, -0.009257685276679695, 0.033431540708988905, 127.0
20:28:35.00, -0.0077484105713665485, 0.03402592986822128, 121.0
20:28:36.00, -0.011390912346541882, 0.03337593423202634, 118.0
20:28:37.00, -0.013081477023661137, 0.03388691321015358, 118.0
20:28:38.00, -0.008805386256426573, 0.033628346398472786, 124.0
20:28:39.00, -0.01097716938238591, 0.03505186177790165, 119.0
20:28:40.00, -0.011405370896682143, 0.033930604346096516, 118.0
20:28:41.00, -0.01031466107815504, 0.033033957704901695, 133.0
20:28:42.00, -0.007705034920945764, 0.03236191859468818, 121.0
20:28:43.00, -0.008152516791597009, 0.03198022302240133, 121.0
20:28:44.00, -0.008075404446572065, 0.02902198163792491, 122.0
20:28:45.00, -0.006295120692811906, 0.030918546486645937, 119.0
20:28:46.00, -0.010333938989788294, 0.03377351723611355, 119.0
20:28:47.00, -0.011214441852644086, 0.032455455511808395, 121.0
20:28:48.00, -0.011562563246116042, 0.03411152260378003, 121.0
20:28:49.00, -0.012191335088573396, 0.03483519610017538, 125.0
20:28:50.00, -0.01235334703233093, 0.035201003309339285, 121.0
20:28:51.00, -0.012367805582471192, 0.03575567388907075, 122.0
20:28:52.00, -0.011296373675577343, 0.03559858677908778, 125.0
20:28:53.00, -0.013282047351822257, 0.035731842275708914, 118.0
20:28:54.00, -0.012667734059505165, 0.03556283935904503, 124.0
20:28:55.00, -0.01207751827314496, 0.03631828725337982, 120.0
20:28:56.00, -0.010058110347017646, 0.03489080257713795, 118.0
20:28:57.00, -0.012667734059505165, 0.03556283935904503, 126.0
20:28:58.00, -0.011630036518909037, 0.03669998422265053, 122.0
20:28:59.00, -0.009039690950885415, 0.03676750650629401, 126.0
20:29:00.00, -0.009605808998458087, 0.035087608732283115, 126.0
20:29:01.00, -0.011495089973323047, 0.031523062847554684, 127.0
20:29:02.00, -0.012367805582471192, 0.03575567388907075, 118.0
20:29:03.00, -0.01308629650156945, 0.03407180355861783, 121.0
20:29:04.00, -0.011105444747954607, 0.03412343794479966, 119.0
20:29:05.00, -0.013386225095018744, 0.03387896902859211, 123.0
20:29:15.00, -0.013666873332113028, 0.03294657543301582, 119.0
20:29:16.00, -0.013514500460587442, 0.03295054705813527, 121.0
20:29:17.00, -0.012167237466201186, 0.03391074435785413, 123.0
20:29:18.00, -0.012571343802846968, 0.031865037977695465, 117.0
20:29:19.00, -0.013081477023661137, 0.03388691321015358, 125.0
20:29:20.00, -0.01320975471753627, 0.032958490774035454, 117.0
20:29:21.00, -0.014133633114397526, 0.03330443985760212, 117.0
20:29:22.00, -0.013033281778916717, 0.03203801205381751, 121.0
20:29:23.00, -0.011681201751343906, 0.03281331993639469, 118.0
20:29:24.00, -0.011981128016486764, 0.03262048587203026, 119.0
20:29:25.00, -0.010418838704936206, 0.031181085389107466, 122.0
20:29:26.00, -0.012834565481171012, 0.036113538313657045, 118.0
20:29:27.00, -0.01264845603145659, 0.03482328029349446, 121.0
20:29:28.00, -0.01548089599236846, 0.032344242092221975, 121.0
20:29:29.00, -0.012585802236571908, 0.03241970809176564, 117.0
20:29:30.00, -0.0141239941585809, 0.032934659626334906, 120.0
20:29:31.00, -0.0133573078783229, 0.03276962926611304, 118.0
20:29:32.00, -0.013391044572927058, 0.03406385984271765, 121.0
20:29:33.00, -0.014885860844515264, 0.032914800103753805, 117.0
20:29:34.00, -0.01380960934329778, 0.032572823110967875, 124.0
20:29:35.00, -0.015495354658924043, 0.03289891267195344, 119.0
20:29:36.00, -0.013195296050980687, 0.03240382065996528, 118.0
20:29:37.00, -0.013091116095893085, 0.03425669437274337, 125.0
20:29:38.00, -0.012929104152135551, 0.03389088483527303, 121.0
20:29:39.00, -0.012256956659257412, 0.031503202859312296, 122.0
20:29:40.00, -0.013976440764963627, 0.03312352253124118, 124.0
20:29:41.00, -0.012285873759537935, 0.032612542156130075, 125.0
20:29:42.00, -0.011833574622869492, 0.032809348311275244, 119.0
20:29:43.00, -0.012147959554567933, 0.03317118529230356, 120.0
20:29:44.00, -0.013633136521093547, 0.03165234439074993, 124.0
20:29:45.00, -0.01215759851038456, 0.0335409645922482, 121.0
20:29:46.00, -0.013509680749848485, 0.03276565717533231, 124.0
20:29:47.00, -0.01322421315126121, 0.03351316135376692, 121.0
20:29:48.00, -0.01409989653620869, 0.03201020881533623, 117.0
20:29:49.00, -0.012762272730469704, 0.033340186811983585, 122.0
20:29:59.00, -0.01302364282310009, 0.0316682318225503, 122.0
20:30:00.00, -0.013362127589061856, 0.032954519148916006, 118.0
20:30:01.00, -0.013814428821206093, 0.032757713459432125, 119.0
20:30:02.00, -0.014837665599770844, 0.031065900344401598, 121.0
20:30:03.00, -0.01296284084673971, 0.03518511587753892, 127.0
20:30:04.00, -0.013267588801681995, 0.03517717216163874, 120.0
20:30:05.00, -0.012953201774507761, 0.03481533657759428, 117.0
20:30:06.00, -0.012590621830895543, 0.03260459844022989, 124.0
20:30:07.00, -0.014866582700051367, 0.03217523917555809, 128.0
20:30:08.00, -0.01529960602056235, 0.031238874420523643, 120.0
20:30:09.00, -0.014366088435053825, 0.03052314417436719, 120.0
20:30:10.00, -0.01487140217795968, 0.03236012998968363, 127.0
20:30:11.00, -0.014443200780078769, 0.0334813860245049, 122.0
20:30:12.00, -0.013504861271940172, 0.03258076682686806, 118.0
20:30:13.00, -0.013166378950700164, 0.0312944813631475, 161.0
20:30:14.00, -0.014351630001328886, 0.029968474060297012, 161.0
20:30:15.00, -0.01440946408547461, 0.03218715451657772, 117.0
20:30:16.00, -0.013642775593325496, 0.032022124622017145, 128.0
20:30:17.00, -0.013928245636634529, 0.0312746218405664, 120.0
20:30:18.00, -0.01353859796654433, 0.03387499740347266, 118.0
20:30:19.00, -0.014138452708721161, 0.03348932974040508, 127.0
20:30:20.00, -0.013352488400414586, 0.03258473891764879, 126.0
20:30:21.00, -0.013081477023661137, 0.03388691321015358, 118.0
20:30:22.00, -0.013461485621519387, 0.030916756950318813, 123.0
20:30:23.00, -0.006479378440417349, 0.0262883510440588, 126.0
20:30:24.00, -0.011164395022206008, 0.024686099495738745, 122.0
20:30:25.00, -0.014830994419753551, 0.02496055420488119, 120.0
20:30:26.00, -0.013883018284104764, 0.023690155241638422, 124.0
20:30:27.00, -0.014301583054475486, 0.02219911990687251, 121.0
20:30:28.00, -0.011413158266805112, 0.028379928320646286, 121.0
20:30:29.00, 0.012700382270850241, 0.027528371196240187, 123.0
20:30:30.00, -0.011294521973468363, 0.029678133316338062, 126.0
20:30:31.00, -0.01164746517315507, 0.03151909029111266, 121.0
20:30:32.00, -0.012980267172679305, 0.030004221014678478, 120.0
20:30:42.00, -0.008977037156000733, 0.03436393570154905, 117.0
20:30:43.00, -0.008648191578686237, 0.03344742860645056, 118.0
20:30:44.00, -0.008500638185068965, 0.03363629011437297, 117.0
20:30:45.00, -0.012600260903127491, 0.03297437867149711, 121.0
20:30:46.00, -0.011823935667052865, 0.03243956761434674, 120.0
20:30:47.00, -0.01060013088863343, 0.03228645259514451, 120.0
20:30:48.00, -0.010409199632704258, 0.03081130562350154, 191.0
20:30:49.00, -0.011195163824595511, 0.03171589458361268, 117.0
20:30:50.00, -0.010909696109592915, 0.03246339922770858, 121.0
20:30:51.00, -0.0110620689811185, 0.03245942713692784, 118.0
20:30:52.00, -0.012585802236571908, 0.03241970809176564, 125.0
20:30:53.00, -0.01308629650156945, 0.03407180355861783, 120.0
20:30:54.00, -0.012252137181349099, 0.03131831297650933, 117.0
20:30:55.00, -0.01154810469597578, 0.03355685202404857, 124.0
20:30:56.00, -0.012905006646178663, 0.03296643542125821, 118.0
20:30:57.00, -0.011809477116912603, 0.031884897500276566, 122.0
20:30:58.00, -0.009480501525104046, 0.03028046526014805, 117.0
20:30:59.00, -0.011823935667052865, 0.03243956761434674, 117.0
20:31:00.00, -0.011809477116912603, 0.031884897500276566, 118.0
20:31:01.00, -0.011666743317618966, 0.03225864889100194, 118.0
20:31:02.00, -0.010800699004903436, 0.03413138212636113, 122.0
20:31:03.00, -0.01230515178758651, 0.0333521026186645, 119.0
20:31:04.00, -0.010423658066429198, 0.031365975737571716, 122.0
20:31:05.00, -0.013195296050980687, 0.03240382065996528, 121.0
20:31:06.00, -0.012452705181203783, 0.03316324157640338, 121.0
20:31:07.00, -0.011799838044680655, 0.031515118665993214, 124.0
20:31:08.00, -0.010933793731965125, 0.033387850038707256, 121.0
20:31:09.00, -0.01122890051919967, 0.03301012609153986, 124.0
20:31:10.00, -0.01061458932235837, 0.032841123174875975, 118.0
20:31:11.00, -0.010962710832245648, 0.03449719026684761, 125.0
20:31:21.00, -0.010981988860294223, 0.03523675072938204, 117.0
20:31:22.00, -0.012295512948185205, 0.03298232285305858, 116.0
20:31:23.00, -0.011533646145835519, 0.03300218237563968, 119.0
20:31:24.00, -0.011100625153630972, 0.03393854759633541, 118.0
20:31:25.00, -0.011233719997107983, 0.03319501644000411, 117.0
20:31:26.00, -0.009443797054700553, 0.03472180059179664, 127.0
20:31:27.00, -0.01126745657529682, 0.03448924655094743, 122.0
20:31:28.00, -0.01046221423894167, 0.03284509526565671, 118.0
20:31:29.00, -0.010481492383405566, 0.03358465526252985, 117.0
20:31:30.00, -0.010967530310153961, 0.034682081546634436, 117.0
20:31:31.00, -0.00972926476970315, 0.03397429548203945, 121.0
20:31:32.00, -0.010162288090214133, 0.03303792933002114, 118.0
20:31:33.00, -0.011390912346541882, 0.03337593423202634, 117.0
20:31:34.00, -0.01173421647399664, 0.0348471119068563, 116.0
20:31:35.00, -0.011666743317618966, 0.03225864889100194, 118.0
20:31:36.00, -0.009475682047195733, 0.030095575377345085, 118.0
20:31:37.00, -0.010038832318969071, 0.03415124164894223, 122.0
20:31:38.00, -0.010200844146311283, 0.03451704978942871, 122.0
20:31:39.00, -0.006609505391679704, 0.03128038300201297, 118.0
20:31:40.00, -0.010205663740634918, 0.034701941069215536, 122.0
20:31:41.00, -0.011857672361657023, 0.03373379819095135, 118.0
20:31:42.00, -0.011238539475016296, 0.033379905857145786, 117.0
20:31:43.00, -0.01046221423894167, 0.03284509526565671, 118.0
20:31:44.00, -0.00916796620003879, 0.0358390836045146, 119.0
20:31:45.00, -0.009424519026651978, 0.033982239197939634, 119.0
20:31:46.00, -0.007842951454222202, 0.03180327685549855, 124.0
20:31:47.00, -0.007671298226341605, 0.031067689415067434, 125.0
20:31:48.00, -0.007458123378455639, 0.03458854416385293, 126.0
20:31:49.00, -0.010309841367416084, 0.032849067356437445, 124.0
20:31:50.00, -0.012428607558831573, 0.03223878983408213, 116.0
20:32:00.00, -0.009366684826090932, 0.031763557344675064, 120.0
20:32:01.00, -0.009086034260690212, 0.032695951871573925, 116.0
20:32:02.00, -0.006785975769162178, 0.03220086032524705, 120.0
20:32:03.00, -0.006186123471707106, 0.032586528453975916, 121.0
20:32:04.00, -0.008938480983488262, 0.03288481431081891, 116.0
20:32:05.00, -0.009538335725665092, 0.032499146182090044, 118.0
20:32:06.00, -0.0079712268197909, 0.03087485581636429, 119.0
20:32:07.00, -0.009714806219562888, 0.03341962490230799, 138.0
20:32:08.00, -0.009310699999332428, 0.03546533174812794, 120.0
20:32:09.00, -0.008053158642724156, 0.0340179861523211, 116.0
20:32:10.00, -0.01112472265958786, 0.034862999338656664, 117.0
20:32:11.00, -0.00907157571054995, 0.03214128175750375, 119.0
20:32:12.00, -0.008505457662977278, 0.03382117999717593, 118.0
20:32:13.00, -0.009596169926226139, 0.03471782896667719, 123.0
20:32:14.00, -0.008938480983488262, 0.03288481431081891, 120.0
20:32:15.00, -0.010138190351426601, 0.032113478519022465, 121.0
20:32:16.00, -0.008924022433348, 0.03233014326542616, 121.0
20:32:17.00, -0.007514105876907706, 0.030886771623045206, 121.0
20:32:18.00, -0.005675987806171179, 0.0305646532215178, 122.0
20:32:19.00, -0.008452442940324545, 0.03178738942369819, 118.0
20:32:20.00, -0.009494960075244308, 0.030835136771202087, 121.0
20:32:21.00, -0.009567252825945616, 0.033608486875891685, 121.0
20:32:22.00, -0.00972926476970315, 0.03397429548203945, 119.0
20:32:23.00, -0.007557481527328491, 0.03255078149959445, 121.0
20:32:24.00, -0.007743591093458235, 0.03384103951975703, 121.0
20:32:25.00, -0.008957759127952158, 0.03362437430769205, 120.0
20:32:26.00, -0.009076395304873586, 0.03232617164030671, 118.0
20:32:36.00, -0.005642251227982342, 0.029270422644913197, 120.0
20:32:37.00, -0.004375068470835686, 0.027453296817839146, 122.0
20:32:38.00, -0.011838394217193127, 0.032994238659739494, 122.0
20:32:39.00, -0.010781420860439539, 0.033391821663826704, 118.0
20:32:40.00, -0.00993762246798724, 0.03026854945346713, 117.0
20:32:41.00, -0.008599996333941817, 0.03159852884709835, 122.0
20:32:42.00, -0.00816697534173727, 0.032534894067794085, 125.0
20:32:43.00, -0.0061813038773834705, 0.03240163763985038, 119.0
20:32:44.00, -0.009843081468716264, 0.03249120293185115, 118.0
20:32:45.00, -0.007709854398854077, 0.032546809408813715, 120.0
20:32:46.00, -0.009047478204593062, 0.03121683234348893, 119.0
20:32:47.00, -0.010143009945750237, 0.03229836840182543, 122.0
20:32:48.00, -0.010752503760159016, 0.032282480504363775, 118.0
20:32:49.00, -0.010252007283270359, 0.030630385968834162, 116.0
20:32:50.00, -0.010895237559452653, 0.0319087291136384, 117.0
20:32:51.00, -0.0075189253548160195, 0.03107166150584817, 118.0
20:32:52.00, -0.009514238103292882, 0.0315746976993978, 120.0
20:32:53.00, -0.009543155203573406, 0.03268403606489301, 120.0
20:32:54.00, -0.010904876631684601, 0.03227850887924433, 122.0
20:32:55.00, -0.009995456668548286, 0.032487230375409126, 119.0
20:32:56.00, -0.008689717738889158, 0.029190984554588795, 123.0
20:32:57.00, -0.008000143920071423, 0.03198419511318207, 117.0
20:32:58.00, -0.007661659270524979, 0.030697908252477646, 123.0
20:32:59.00, -0.0079712268197909, 0.03087485581636429, 121.0
20:33:00.00, -0.00889992481097579, 0.03140569478273392, 121.0
20:33:01.00, -0.0070425288286060095, 0.030344015453010798, 123.0
20:33:02.00, -0.007504466804675758, 0.030516990460455418, 121.0
20:33:03.00, -0.007494827848859131, 0.030147209763526917, 131.0
20:33:04.00, -0.008423525840044022, 0.030678048729896545, 131.0
20:33:14.00, -0.007995324325747788, 0.031799305230379105, 119.0
20:33:15.00, -0.007647200720384717, 0.03014323813840747, 117.0
20:33:16.00, -0.008880646782927215, 0.030666132923215628, 122.0
20:33:17.00, -0.009608776890672743, 0.02935204328969121, 121.0
20:33:18.00, -0.008075404446572065, 0.02902198163792491, 116.0
20:33:19.00, -0.00745627167634666, 0.02866808930411935, 120.0
20:33:20.00, -0.008394608739763498, 0.029568708036094904, 122.0
20:33:21.00, -0.006585407769307494, 0.030355931725353003, 121.0
20:33:22.00, -0.007076265290379524, 0.03163824789226055, 117.0
20:33:23.00, -0.005680807400494814, 0.030749543104320765, 124.0
20:33:24.00, -0.004466639366000891, 0.030966209713369608, 119.0
20:33:25.00, -0.006556490669026971, 0.02924659103155136, 135.0
20:33:26.00, -0.010085175861604512, 0.030079687014222145, 117.0
20:33:27.00, -0.00886136875487864, 0.029926572926342487, 119.0
20:33:28.00, -0.011028332402929664, 0.0311651979573071, 122.0
20:33:29.00, -0.009775608195923269, 0.029902741312980652, 122.0
20:33:30.00, -0.008822812582366168, 0.028447451069951057, 126.0
20:33:31.00, -0.00935222627595067, 0.03120888862758875, 118.0
20:33:32.00, -0.009284753003157675, 0.028620426077395678, 133.0
20:33:33.00, -0.009451584424823523, 0.029171125032007694, 118.0
20:33:34.00, -0.007623103098012507, 0.029218787793070078, 120.0
20:33:35.00, -0.009209490031935275, 0.031582641415297985, 120.0
20:33:36.00, -0.008113960619084537, 0.030501102562993765, 125.0
20:33:37.00, -0.00721417972818017, 0.031079605221748352, 121.0
20:33:38.00, -0.01002437376882881, 0.03359657106921077, 116.0
20:33:39.00, -0.007666478748433292, 0.03088279953226447, 118.0
20:33:40.00, -0.0066191444639116526, 0.03165016369894147, 117.0
20:33:50.00, -0.011084314901381731, 0.0274634244851768, 120.0
20:33:51.00, -0.007775478297844529, 0.02921481616795063, 119.0
20:33:52.00, -0.010008063516579568, 0.02712144609540701, 121.0
20:33:53.00, -0.010479643009603024, 0.027664200868457556, 123.0
20:33:54.00, -0.0115607138723135, 0.028191067278385162, 116.0
20:33:55.00, -0.010883746901527047, 0.025618494488298893, 118.0
20:33:56.00, -0.009722593589685857, 0.027868951205164194, 119.0
20:33:57.00, -0.009170933975838125, 0.030103519093245268, 119.0
20:33:58.00, -0.006517934612929821, 0.027767470572143793, 122.0
20:33:59.00, -0.0071563455276191235, 0.028860922902822495, 117.0
20:34:00.00, -0.009756330167874694, 0.02916318131610751, 119.0
20:34:01.00, -0.011270424351096153, 0.02875368157401681, 120.0
20:34:02.00, -0.010389921604655683, 0.030071743298321962, 119.0
20:34:03.00, -0.008689717738889158, 0.029190984554588795, 124.0
20:34:04.00, -0.009927983395755291, 0.029898769687861204, 122.0
20:34:05.00, -0.009480501525104046, 0.03028046526014805, 128.0
20:34:06.00, -0.009490140480920672, 0.030650245491415262, 120.0
20:34:07.00, -0.011151788174174726, 0.030051883775740862, 120.0
20:34:08.00, -0.00856625975575298, 0.030304296407848597, 125.0
20:34:09.00, -0.010300202411599457, 0.032479286659508944, 118.0
20:34:10.00, -0.00830007006879896, 0.031791361048817635, 122.0
20:34:11.00, -0.009180572931654751, 0.03047329932451248, 128.0
20:34:12.00, -0.009514238103292882, 0.0315746976993978, 120.0
20:34:13.00, -0.009918344323523343, 0.02952898945659399, 126.0
20:34:23.00, -0.01024236821103841, 0.030260605737566948, 119.0
20:34:24.00, -0.010061078239232302, 0.02915523760020733, 122.0
20:34:25.00, -0.008389789378270507, 0.029383818618953228, 126.0
20:34:26.00, -0.006604685913771391, 0.031095492653548717, 118.0
20:34:27.00, -0.007318357354961336, 0.02922673150897026, 123.0
20:34:28.00, -0.008394608739763498, 0.029568708036094904, 121.0
20:34:29.00, -0.00948532100301236, 0.0304653556086123, 124.0
20:34:30.00, -0.007956768269650638, 0.03032018430531025, 125.0
20:34:31.00, -0.006309579242952168, 0.0314732170663774, 122.0
20:34:32.00, -0.008508425555191934, 0.028085616882890463, 120.0
20:34:33.00, -0.009417847846634686, 0.027876894921064377, 119.0
20:34:34.00, -0.009308850625529885, 0.029544876888394356, 122.0
20:34:35.00, -0.008065765490755439, 0.028652201872318983, 124.0
20:34:36.00, -0.00740807643160224, 0.026819188613444567, 120.0
20:34:37.00, -0.007303898804821074, 0.028672061394900084, 122.0
20:34:38.00, -0.0067088635405525565, 0.029242619406431913, 121.0
20:34:39.00, -0.007170804077759385, 0.029415593948215246, 119.0
20:34:40.00, -0.007151525933295488, 0.02867603348568082, 123.0
20:34:41.00, -0.010394741082563996, 0.030256633646786213, 123.0
20:34:42.00, -0.017275638412684202, 0.031002349220216274, 122.0
20:34:43.00, -0.010532657615840435, 0.029697992838919163, 121.0
20:34:44.00, -0.008619274478405714, 0.03233808744698763, 118.0
20:34:45.00, -0.003801163053140044, 0.034683870151638985, 119.0
20:34:46.00, -0.005164736183360219, 0.040198797825723886, 127.0
20:34:47.00, -0.004954526666551828, 0.03798408806324005, 117.0
20:34:48.00, -0.003701804904267192, 0.03672163374722004, 119.0
20:34:58.00, -0.008029061136767268, 0.03309353580698371, 120.0
20:34:59.00, -0.008024241542443633, 0.03290864545851946, 120.0
20:35:00.00, -0.009001134778372943, 0.03528838511556387, 124.0
20:35:01.00, -0.008210350992158055, 0.0341989048756659, 120.0
20:35:02.00, -0.008372362819500268, 0.034564712550491095, 125.0
20:35:03.00, -0.007158197113312781, 0.03478137915953994, 123.0
20:35:04.00, -0.005467630107887089, 0.034270398784428835, 121.0
20:35:05.00, -0.005305618280544877, 0.03390458971261978, 118.0
20:35:06.00, -0.003948716446757317, 0.034495008643716574, 124.0
20:35:07.00, -0.004519653972238302, 0.032999999821186066, 127.0
20:35:08.00, -0.008191072847694159, 0.03345934394747019, 116.0
20:35:09.00, -0.008481360040605068, 0.03289673011749983, 125.0
20:35:10.00, -0.0063433158211410046, 0.03276744671165943, 120.0
20:35:11.00, -0.004048074595630169, 0.032457244116812944, 120.0
20:35:12.00, -0.004652748815715313, 0.0322564672678709, 120.0
20:35:13.00, -0.009995456668548286, 0.032487230375409126, 133.0
20:35:14.00, -0.008909563883207738, 0.03177547361701727, 125.0
20:35:15.00, -0.008500638185068965, 0.03363629011437297, 117.0
20:35:16.00, -0.006377052515745163, 0.03406167682260275, 119.0
20:35:17.00, 0.00010937999468296766, 0.030900475569069386, 118.0
20:35:18.00, -0.009871998568996787, 0.0336005431599915, 119.0
20:35:19.00, -0.008466901490464807, 0.03234205907210708, 126.0
20:35:20.00, -0.008551801089197397, 0.02974962769076228, 117.0
20:35:21.00, -0.007966407341882586, 0.030689964536577463, 125.0
20:35:31.00, -0.007194901583716273, 0.03034004382789135, 119.0
20:35:32.00, -0.0058042630553245544, 0.029636230785399675, 117.0
20:35:33.00, -0.006295120692811906, 0.030918546486645937, 121.0
20:35:34.00, -0.005695265950635076, 0.031304214149713516, 122.0
20:35:35.00, -0.00811878009699285, 0.030685992445796728, 121.0
20:35:36.00, -0.00905711727682501, 0.03158661304041743, 121.0
20:35:37.00, -0.009028200060129166, 0.030477271415293217, 118.0
20:35:38.00, -0.006914253463037312, 0.0312724388204515, 121.0
20:35:39.00, -0.005656709778122604, 0.029825093690305948, 119.0
20:35:40.00, -0.008842090610414743, 0.02918701246380806, 118.0
20:35:41.00, -0.008561440161429346, 0.030119406525045633, 119.0
20:35:42.00, -0.007942309719510376, 0.029765515122562647, 124.0
20:35:43.00, -0.007480369182303548, 0.02959253964945674, 117.0
20:35:44.00, -0.006142747821286321, 0.030922518577426672, 125.0
20:35:45.00, -0.008351233089342713, 0.02790469815954566, 125.0
20:35:46.00, -0.008065765490755439, 0.028652201872318983, 119.0
20:35:47.00, -0.007751380791887641, 0.028290364891290665, 121.0
20:35:48.00, -0.00840906728990376, 0.03012337861582637, 120.0
20:35:49.00, -0.009894246817566454, 0.028604538645595312, 121.0
20:35:50.00, -0.009004102554172277, 0.02955282060429454, 34.0
20:35:51.00, -0.009437125874683261, 0.02861645445227623, 51.0
20:35:52.00, -0.005308586172759533, 0.0281690270639956, 124.0
20:35:53.00, -0.008522884105332196, 0.028640286065638065, 124.0
20:36:03.00, -0.003504204680211842, 0.029141138773411512, 122.0
20:36:04.00, -0.010141158243641257, 0.026377914007753134, 121.0
20:36:05.00, -0.008075404446572065, 0.02902198163792491, 122.0
20:36:06.00, -0.007122608833014965, 0.02756669372320175, 123.0
20:36:07.00, -0.006370381219312549, 0.027956333477050066, 125.0
20:36:08.00, -0.007141886977478862, 0.02830625232309103, 125.0
20:36:09.00, -0.006084913620725274, 0.028703836724162102, 120.0
20:36:10.00, -0.006084913620725274, 0.028703836724162102, 22.0
20:36:11.00, -0.0057849850272759795, 0.028896670322865248, 22.0
20:36:12.00, -0.007608644547872245, 0.0286641176789999, 123.0
20:36:13.00, -0.009613596252165735, 0.029536933172494173, 123.0
20:36:14.00, -0.007303898804821074, 0.028672061394900084, 123.0
20:36:15.00, -0.007436993531882763, 0.027928530238568783, 21.0
20:36:16.00, -0.008713815361261368, 0.030115434899926186, 117.0
20:36:17.00, -0.009466042974963784, 0.029725796077400446, 23.0
20:36:18.00, -0.008089862996712327, 0.029576652217656374, 23.0
20:36:19.00, -0.008851729682646692, 0.029556792695075274, 21.0
20:36:20.00, -0.008075404446572065, 0.02902198163792491, 119.0
20:36:21.00, -0.007194901583716273, 0.03034004382789135, 24.0
20:36:22.00, -0.009903885773383081, 0.028974318876862526, 24.0
20:36:23.00, -0.009432306280359626, 0.028431563638150692, 120.0
20:36:24.00, -0.009712954517453909, 0.027499171439558268, 23.0
20:36:25.00, -0.010252007283270359, 0.030630385968834162, 22.0
20:36:26.00, -0.00856625975575298, 0.030304296407848597, 119.0
20:36:36.00, -0.0059662749990820885, 0.030002038925886154, 119.0
20:36:37.00, -0.004113698378205299, 0.029125251341611147, 123.0
20:36:38.00, -0.008380150189623237, 0.029014037922024727, 124.0
20:36:39.00, -0.0058042630553245544, 0.029636230785399675, 124.0
20:36:40.00, -0.0029458762146532536, 0.025270362850278616, 117.0
20:36:41.00, -0.008428345434367657, 0.03086294000968337, 126.0
20:36:42.00, -0.006866058334708214, 0.02942353766411543, 118.0
20:36:43.00, -0.008370511117391288, 0.0286442581564188, 123.0
20:36:44.00, -0.007037709234282374, 0.030159125570207834, 122.0
20:36:45.00, -0.003109739744104445, 0.03155662678182125, 122.0
20:36:46.00, -0.008914383477531374, 0.03196036349982023, 118.0
20:36:47.00, -0.008938480983488262, 0.03288481431081891, 117.0
20:36:48.00, -0.007847771048545837, 0.031988166738301516, 122.0
20:36:49.00, -0.009185392525978386, 0.030658189207315445, 118.0
20:36:50.00, -0.005729002528823912, 0.032598444260656834, 120.0
20:36:51.00, -0.007985685369931161, 0.031429525930434465, 123.0
20:36:52.00, -0.007995324325747788, 0.031799305230379105, 127.0
20:36:53.00, -0.009647332946769893, 0.03083116514608264, 118.0
20:36:54.00, -0.008476540562696755, 0.03271183930337429, 124.0
20:36:55.00, -0.00771467387676239, 0.03273169929161668, 119.0
20:36:56.00, -0.010118912439793348, 0.0313739194534719, 119.0
20:37:06.00, -7.858115714043379e-05, 0.038111189380288124, 116.0
20:37:07.00, 0.0013554306933656335, 0.035743365064263344, 118.0
20:37:08.00, -0.005283372360281646, 0.03890059469267726, 118.0
20:37:09.00, -0.007406960357911885, 0.03847520845010877, 124.0
20:37:10.00, -0.005191801581531763, 0.03538768272846937, 123.0
20:37:11.00, -0.006006682873703539, 0.037401613779366016, 128.0
20:37:12.00, -0.003653609659522772, 0.03487273305654526, 116.0
20:37:13.00, -0.003996911458671093, 0.03634390840306878, 121.0
20:37:14.00, -0.008486179634928703, 0.03308162046596408, 121.0
20:37:15.00, -0.006652881042100489, 0.03294439287856221, 126.0
20:37:16.00, -0.008181433891877532, 0.03308956418186426, 126.0
20:37:17.00, -0.00943897757679224, 0.03453690931200981, 125.0
20:37:18.00, -0.009709986625239253, 0.0332347359508276, 125.0
20:37:19.00, -0.007990504847839475, 0.03161441674456, 125.0
20:37:20.00, -0.008138058241456747, 0.03142555430531502, 121.0
20:37:21.00, -0.008437984390184283, 0.031232720240950584, 117.0
20:37:22.00, -0.008471721084788442, 0.032526949886232615, 119.0
20:37:23.00, -0.008191072847694159, 0.03345934394747019, 120.0
20:37:24.00, -0.009410060476511717, 0.03342756861820817, 123.0
20:37:34.00, -0.009410060476511717, 0.03342756861820817, 121.0
20:37:35.00, -0.010791059932671487, 0.03376160142943263, 117.0
20:37:36.00, -0.01007738837506622, 0.03563036164268851, 118.0
20:37:37.00, -0.009095673449337482, 0.033065732568502426, 117.0
20:37:38.00, -0.011925145518034697, 0.03632225934416056, 119.0
20:37:39.00, -0.010423658066429198, 0.031365975737571716, 118.0
20:37:40.00, -0.004996052943170071, 0.033727644477039576, 128.0
20:37:41.00, -0.012261776137165725, 0.0316880913451314, 126.0
20:37:42.00, -4.299287684261799e-05, 0.03089650347828865, 118.0
20:37:43.00, -0.004827369935810566, 0.027256491128355265, 119.0
20:37:44.00, -0.008138058241456747, 0.03142555430531502, 120.0
20:37:45.00, -0.008619274478405714, 0.03233808744698763, 120.0
20:37:46.00, -0.00502793793566525, 0.02910141972824931, 181.0
20:37:47.00, -0.008493967005051672, 0.027530946768820286, 117.0
20:37:48.00, -0.00792303157504648, 0.029025953728705645, 126.0
20:37:49.00, -0.009204670554026961, 0.031397751066833735, 126.0
20:37:50.00, -0.006447493564337492, 0.03091457486152649, 124.0
20:37:51.00, -0.004609373165294528, 0.030592456925660372, 119.0
20:37:52.00, -0.001832918031141162, 0.02936971979215741, 121.0
20:37:53.00, -0.0071563455276191235, 0.028860922902822495, 125.0
20:37:54.00, -0.007204540655948222, 0.030709824059158564, 118.0
20:37:55.00, -0.005385698284953833, 0.031127267982810736, 118.0
20:37:56.00, -0.0047135509084910154, 0.028739583678543568, 118.0
20:38:06.00, -0.007671298226341605, 0.031067689415067434, 124.0
20:38:07.00, -0.0067763368133455515, 0.031831080093979836, 137.0
20:38:08.00, -0.004918940714560449, 0.030769402626901865, 120.0
20:38:09.00, -0.007637561648152769, 0.029773459304124117, 122.0
20:38:10.00, -0.008152516791597009, 0.03198022302240133, 117.0
20:38:11.00, -0.008880646782927215, 0.030666132923215628, 136.0
20:38:12.00, -0.0068371412344276905, 0.0283141965046525, 136.0
20:38:13.00, -0.007552662049420178, 0.03236589068546891, 135.0
20:38:14.00, -0.006290301098488271, 0.030733655206859112, 129.0
20:38:15.00, -0.006585407769307494, 0.030355931725353003, 118.0
20:38:16.00, -0.010285743861459196, 0.031924616545438766, 123.0
20:38:17.00, -0.010822944808751345, 0.02913537807762623, 120.0
20:38:18.00, -0.009494960075244308, 0.030835136771202087, 120.0
20:38:19.00, -0.010609769960865378, 0.032656232826411724, 138.0
20:38:20.00, -0.008147697197273374, 0.03179533313959837, 138.0
20:38:21.00, -0.007937490125186741, 0.02958062384277582, 138.0
20:38:22.00, -0.00886136875487864, 0.029926572926342487, 116.0
20:38:23.00, -0.00851806451100856, 0.02845539478585124, 116.0
20:38:24.00, -0.009323309175670147, 0.030099546536803246, 119.0
20:38:25.00, -0.007818853948265314, 0.030878827907145023, 119.0
20:38:26.00, -0.007842951454222202, 0.03180327685549855, 122.0
20:38:27.00, -0.005361600778996944, 0.03020281670615077, 132.0
20:38:37.00, -0.008928842027671635, 0.032515034545212984, 124.0
20:38:38.00, -0.007100362912751734, 0.03256269730627537, 122.0
20:38:39.00, -0.007756200153380632, 0.02847525430843234, 119.0
20:38:40.00, -0.012172057060524821, 0.03409563470631838, 118.0
20:38:41.00, -0.00985272042453289, 0.032860982697457075, 122.0
20:38:42.00, -0.0096106284763664, 0.035272497683763504, 126.0
20:38:43.00, -0.008176614297553897, 0.03290467383340001, 124.0
20:38:44.00, -0.009233587654307485, 0.032507090363651514, 117.0
20:38:45.00, -0.007581579149700701, 0.03347523184493184, 116.0
20:38:46.00, -0.008805386256426573, 0.033628346398472786, 119.0
20:38:47.00, -0.007223818683996797, 0.031449385453015566, 139.0
20:38:48.00, -0.00692389253526926, 0.031642219983041286, 122.0
20:38:49.00, -0.006210220977663994, 0.033510979264974594, 121.0
20:38:50.00, -0.007305750506930053, 0.03459251578897238, 122.0
20:38:51.00, -0.007286472478881478, 0.03385295532643795, 122.0
20:38:52.00, -0.007862229598686099, 0.03254283778369427, 120.0
20:38:53.00, -0.006101221544668078, 0.035178962629288435, 120.0
20:38:54.00, -0.007066626334562898, 0.03126846719533205, 118.0
20:38:55.00, -0.01084407465532422, 0.03579539293423295, 118.0
20:38:56.00, -0.006391511065885425, 0.03461634740233421, 116.0
20:38:57.00, -0.008619274478405714, 0.03233808744698763, 118.0
20:39:07.00, -0.0020642548333853483, 0.03824444394558668, 118.0
20:39:08.00, -0.006609505391679704, 0.03128038300201297, 138.0
20:39:09.00, -0.006834171013906598, 0.03404976148158312, 123.0
20:39:10.00, -0.00911977095529437, 0.03399018291383982, 120.0
20:39:11.00, -0.009419699548743665, 0.033797348849475384, 124.0
20:39:12.00, -0.00834826531354338, 0.033640262205153704, 126.0
20:39:13.00, -0.009385962854139507, 0.03250311827287078, 117.0
20:39:14.00, -0.00950941862538457, 0.03138980735093355, 123.0
20:39:15.00, -0.009576891898177564, 0.0339782671071589, 119.0
20:39:16.00, -0.009847900946624577, 0.032676092348992825, 124.0
20:39:17.00, -0.008609635406173766, 0.031968307215720415, 118.0
20:39:18.00, -0.005847638822160661, 0.03130024205893278, 172.0
20:39:19.00, -0.008486179634928703, 0.03308162046596408, 121.0
20:39:20.00, -0.008643371984362602, 0.03326253918930888, 121.0
20:39:21.00, -0.009129410027526319, 0.03435996361076832, 120.0
20:39:22.00, -0.009843081468716264, 0.03249120293185115, 188.0
20:39:23.00, -0.00907157571054995, 0.03214128175750375, 120.0
20:39:24.00, -0.008500638185068965, 0.03363629011437297, 127.0
20:39:25.00, -0.010191205190494657, 0.0341472695581615, 120.0
20:39:26.00, -0.01018156623467803, 0.03377748932689428, 123.0
20:39:27.00, -0.007905605249106884, 0.034206848591566086, 121.0
20:39:37.00, -0.007895966293290257, 0.033837067894637585, 123.0
20:39:38.00, -0.006377052515745163, 0.03406167682260275, 118.0
20:39:39.00, -0.008614454884082079, 0.032153197564184666, 124.0
20:39:40.00, -0.007881507743149996, 0.03328239871188998, 118.0
20:39:41.00, -0.007180443033576012, 0.029785374645143747, 122.0
20:39:42.00, -0.004418444121256471, 0.029117307160049677, 117.0
20:39:43.00, -0.004290168872103095, 0.03004573006182909, 122.0
20:39:44.00, -0.003484926652163267, 0.028401577845215797, 117.0
20:39:45.00, -0.00302780803758651, 0.028413493651896715, 118.0
20:39:46.00, -0.0020460928790271282, 0.025848865043371916, 118.0
20:39:47.00, 0.0008249031379818916, 0.026848781388252974, 128.0
20:39:48.00, -0.004829219309613109, 0.033176945988088846, 124.0
20:39:49.00, -0.006962448707781732, 0.03312133951112628, 121.0
20:39:50.00, -0.008181433891877532, 0.03308956418186426, 120.0
20:39:51.00, -0.010038832318969071, 0.03415124164894223, 121.0
20:39:52.00, -0.008500638185068965, 0.03363629011437297, 124.0
20:39:53.00, -0.008147697197273374, 0.03179533313959837, 121.0
20:39:54.00, -0.006785975769162178, 0.03220086032524705, 120.0
20:39:55.00, -0.005056855035945773, 0.030210760422050953, 117.0
20:39:56.00, -0.008585537783801556, 0.031043858267366886, 121.0
20:39:57.00, -0.009376323781907558, 0.032133338041603565, 121.0
20:40:07.00, -0.009494960075244308, 0.030835136771202087, 121.0
20:40:08.00, -0.01002437376882881, 0.03359657106921077, 121.0
20:40:09.00, -0.007209360133856535, 0.03089471533894539, 121.0
20:40:10.00, -0.007095543434843421, 0.03237780649214983, 117.0
20:40:11.00, -0.005704904906451702, 0.03167399484664202, 122.0
20:40:12.00, -0.00940042152069509, 0.03305778885260224, 122.0
20:40:13.00, -0.008924022433348, 0.03233014326542616, 120.0
20:40:14.00, -0.007966407341882586, 0.030689964536577463, 124.0
20:40:15.00, -0.008648191578686237, 0.03344742860645056, 142.0
20:40:16.00, -0.0073617331217974424, 0.030890743248164654, 117.0
20:40:17.00, -0.007557481527328491, 0.03255078149959445, 119.0
20:40:18.00, -0.007985685369931161, 0.031429525930434465, 121.0
20:40:19.00, -0.008113960619084537, 0.030501102562993765, 118.0
20:40:20.00, -0.004909301642328501, 0.03039962239563465, 118.0
20:40:21.00, -0.003605414414778352, 0.033023830968886614, 144.0
20:40:22.00, -0.008800566662102938, 0.03344345651566982, 118.0
20:40:23.00, -0.0068245320580899715, 0.03367998078465462, 143.0
20:40:24.00, -0.006486049620434642, 0.032393693923950195, 120.0
20:40:25.00, -0.009366684826090932, 0.031763557344675064, 117.0
20:40:35.00, -0.008280792040750384, 0.03105180198326707, 120.0
20:40:36.00, -0.006590227363631129, 0.030540821608155966, 117.0
20:40:37.00, -0.0047569265589118, 0.030403594486415386, 117.0
20:40:38.00, -0.004314266494475305, 0.030970181338489056, 120.0
20:40:39.00, -0.004771385109052062, 0.030958265531808138, 122.0
20:40:40.00, -0.00551879545673728, 0.030383734963834286, 122.0
20:40:41.00, -0.002761616138741374, 0.029900560155510902, 123.0
20:40:42.00, -0.00386678462382406, 0.03135187737643719, 126.0
20:40:43.00, -0.005267062108032405, 0.032425469253212214, 125.0
20:40:44.00, -0.006609505391679704, 0.03128038300201297, 125.0
20:40:45.00, -0.004372100695036352, 0.033188861794769764, 121.0
20:40:46.00, -0.006195762427523732, 0.03295630821958184, 133.0
20:40:47.00, -0.0061813038773834705, 0.03240163763985038, 121.0
20:40:48.00, -0.006290301098488271, 0.030733655206859112, 118.0
20:40:49.00, -0.006162025849334896, 0.03166207950562239, 118.0
20:40:50.00, -0.006790795363485813, 0.03238575020805001, 117.0
20:40:51.00, -0.007623103098012507, 0.029218787793070078, 127.0
20:40:52.00, -0.008580718305893242, 0.030858968384563923, 118.0
20:40:53.00, -0.008757191011682153, 0.03177944524213672, 123.0
20:40:54.00, -0.008162155747413635, 0.03235000278800726, 122.0
20:41:04.00, -0.005724183050915599, 0.032413553446531296, 122.0
20:41:05.00, -0.004814760759472847, 0.03262227540835738, 120.0
20:41:06.00, -0.0067763368133455515, 0.031831080093979836, 122.0
20:41:07.00, -0.005833180155605078, 0.03074557101354003, 122.0
20:41:08.00, -0.005419434979557991, 0.03242149716243148, 124.0
20:41:09.00, -0.005424254457466304, 0.032606387976557016, 118.0
20:41:10.00, -0.005709724384360015, 0.03185888333246112, 123.0
20:41:11.00, -0.0075430229771882296, 0.031996110919862986, 122.0
20:41:12.00, -0.006314398720860481, 0.03165810741484165, 121.0
20:41:13.00, -0.005881375400349498, 0.0325944721698761, 122.0
20:41:14.00, -0.005281520658172667, 0.03298013983294368, 127.0
20:41:15.00, -0.004771385109052062, 0.030958265531808138, 127.0
20:41:16.00, -0.004742468008771539, 0.02984892576932907, 123.0
20:41:17.00, -0.005847638822160661, 0.03130024205893278, 123.0
20:41:18.00, -0.0075430229771882296, 0.031996110919862986, 123.0
20:41:19.00, -0.007233457756228745, 0.031819164752960205, 123.0
20:41:20.00, -0.007937490125186741, 0.02958062384277582, 123.0
20:41:21.00, -0.007637561648152769, 0.029773459304124117, 129.0
20:41:31.00, -0.002894710865803063, 0.029157026670873165, 125.0
20:41:32.00, -0.00030436518136411905, 0.02922454895451665, 119.0
20:41:33.00, 0.0010428976966068149, 0.030184746719896793, 119.0
20:41:34.00, -0.006147567299194634, 0.031107408460229635, 121.0
20:41:35.00, -0.007194901583716273, 0.03034004382789135, 118.0
20:41:36.00, -0.008123599691316485, 0.030870883725583553, 121.0
20:41:37.00, -0.006275842664763331, 0.030178985092788935, 119.0
20:41:38.00, -0.0043943466152995825, 0.028192858677357435, 118.0
20:41:39.00, -0.007642381126061082, 0.029958348255604506, 123.0
20:41:40.00, -0.00676187826320529, 0.03127641091123223, 117.0
20:41:41.00, -0.008133238763548434, 0.031240663956850767, 118.0
20:41:42.00, -0.006123469793237746, 0.03018295718356967, 118.0
20:41:43.00, -0.006304759765043855, 0.03128832671791315, 125.0
20:41:44.00, -0.008000143920071423, 0.03198419511318207, 126.0
20:41:45.00, -0.007847771048545837, 0.031988166738301516, 125.0
20:41:46.00, -0.0059903726214542985, 0.030926490668207407, 117.0
20:41:47.00, -0.006285481620579958, 0.03054876532405615, 120.0
20:41:48.00, -0.003523482708260417, 0.029880700632929802, 124.0
20:41:49.00, -0.0065709492191672325, 0.0298012625426054, 126.0
20:41:50.00, -0.0067088635405525565, 0.029242619406431913, 182.0
20:42:00.00, -0.0033295858884230256, 0.03414111491292715, 117.0
20:42:01.00, -0.0024490830255672336, 0.03545917756855488, 139.0
20:42:02.00, -0.007085904362611473, 0.032008026260882616, 119.0
20:42:03.00, -0.007081084884703159, 0.03182313637807965, 123.0
20:42:04.00, -0.005562171107158065, 0.032047745771706104, 119.0
20:42:05.00, -0.00484367785975337, 0.03373161610215902, 120.0
20:42:06.00, -0.004367281100712717, 0.03300397144630551, 117.0
20:42:07.00, -0.00694799015764147, 0.032566668931394815, 139.0
20:42:08.00, -0.00952387717552483, 0.03194447606801987, 118.0
20:42:09.00, -0.008466901490464807, 0.03234205907210708, 125.0
20:42:10.00, -0.007281653000973165, 0.03366806544363499, 121.0
20:42:11.00, -0.00681007350794971, 0.03312531113624573, 118.0
20:42:12.00, -0.006171664921566844, 0.03203185787424445, 128.0
20:42:13.00, -0.006186123471707106, 0.032586528453975916, 123.0
20:42:14.00, -0.0049285797867923975, 0.031139183789491653, 135.0
20:42:15.00, -0.0058283606776967645, 0.030560681130737066, 118.0
20:42:16.00, -0.005052035441622138, 0.03002587053924799, 117.0
20:42:17.00, -0.005385698284953833, 0.031127267982810736, 118.0
20:42:27.00, -0.006781156407669187, 0.0320159699767828, 116.0
20:42:28.00, -0.005267062108032405, 0.032425469253212214, 118.0
20:42:29.00, -0.009042658610269427, 0.03103194199502468, 117.0
20:42:30.00, -0.0075189253548160195, 0.03107166150584817, 125.0
20:42:31.00, -0.00908121489919722, 0.03251106245443225, 119.0
20:42:32.00, -0.008191072847694159, 0.03345934394747019, 121.0
20:42:33.00, -0.009799705818295479, 0.030827193055301905, 118.0
20:42:34.00, -0.008880646782927215, 0.030666132923215628, 119.0
20:42:35.00, -0.008462081896141171, 0.03215716918930411, 126.0
20:42:36.00, -0.008333806763403118, 0.03308559209108353, 196.0
20:42:37.00, -0.009095673449337482, 0.033065732568502426, 126.0
20:42:38.00, -0.010276104789227247, 0.0315548381768167, 120.0
20:42:39.00, -0.010333938989788294, 0.03377351723611355, 120.0
20:42:40.00, -0.010991627932526171, 0.035606530494987965, 122.0
20:42:41.00, -0.010633867583237588, 0.0335806836374104, 119.0
20:42:42.00, -0.008972217561677098, 0.034179044887423515, 136.0
20:42:43.00, -0.008609635406173766, 0.031968307215720415, 118.0
20:42:44.00, -0.0070184312062337995, 0.02941956603899598, 123.0
20:42:45.00, -0.00996172009035945, 0.031193001195788383, 123.0
20:42:55.00, -0.007695395848713815, 0.03199213882908225, 123.0
20:42:56.00, -0.007596037699840963, 0.03402990195900202, 122.0
20:42:57.00, -0.007143738679587841, 0.034226708114147186, 122.0
20:42:58.00, -0.012181696016341448, 0.03446541540324688, 121.0
20:42:59.00, -0.010904876631684601, 0.03227850887924433, 126.0
20:43:00.00, -0.010447755688801408, 0.032290424685925245, 125.0
20:43:01.00, -0.009371504303999245, 0.031948447693139315, 120.0
20:43:02.00, -0.009257685276679695, 0.033431540708988905, 118.0
20:43:03.00, -0.008633732912130654, 0.03289275802671909, 115.0
20:43:04.00, -0.007429206278175116, 0.033479203935712576, 128.0
20:43:05.00, -0.009828622918576002, 0.031936532352119684, 119.0
20:43:06.00, -0.008138058241456747, 0.03142555430531502, 122.0
20:43:07.00, -0.009552794392220676, 0.033053817227482796, 121.0
20:43:08.00, -0.01075732335448265, 0.03246737131848931, 122.0
20:43:09.00, -0.010771781904622912, 0.03302204189822078, 123.0
20:43:10.00, -0.010643506539054215, 0.03395046340301633, 119.0
20:43:11.00, -0.009596169926226139, 0.03471782896667719, 117.0
20:43:21.00, -0.009722593589685857, 0.027868951205164194, 120.0
20:43:22.00, -0.008338626241311431, 0.033270482905209064, 120.0
20:43:23.00, -0.008000143920071423, 0.03198419511318207, 128.0
20:43:24.00, -0.010629047988913953, 0.03339579375460744, 122.0
20:43:25.00, -0.010885598603636026, 0.03153894981369376, 121.0
20:43:26.00, -0.01086632045917213, 0.030799389351159334, 121.0
20:43:27.00, -0.009567252825945616, 0.033608486875891685, 122.0
20:43:28.00, -0.009519057581201196, 0.031759585719555616, 117.0
20:43:29.00, -0.01028092426713556, 0.031739726196974516, 117.0
20:43:30.00, -0.012252137181349099, 0.03131831297650933, 118.0
20:43:31.00, -0.012099764309823513, 0.03132228506729007, 117.0
20:43:32.00, -0.012080486165359616, 0.030582723207771778, 118.0
20:43:33.00, -0.010085175861604512, 0.030079687014222145, 56.0
20:43:34.00, -0.010491131339222193, 0.03395443595945835, 32.0
20:43:35.00, -0.012138320365920663, 0.032801404129713774, 32.0
20:43:36.00, -0.010256826761178672, 0.030815277248620987, 32.0
20:43:37.00, -0.009366684826090932, 0.031763557344675064, 24.0
20:43:38.00, -0.009190212120302022, 0.03084308048710227, 33.0
20:43:39.00, -0.007666478748433292, 0.03088279953226447, 33.0
20:43:40.00, -0.006556490669026971, 0.02924659103155136, 33.0
20:43:50.00, -0.01004847139120102, 0.034521021880209446, 26.0
20:43:51.00, -0.009886457119137049, 0.03415521327406168, 26.0
20:43:52.00, -0.010943432804197073, 0.03375762980431318, 102.0
20:43:53.00, -0.012295512948185205, 0.03298232285305858, 46.0
20:43:54.00, -0.011238539475016296, 0.033379905857145786, 24.0
20:43:55.00, -0.01262435840908438, 0.03389882855117321, 22.0
20:43:56.00, -0.010943432804197073, 0.03375762980431318, 22.0
20:43:57.00, -0.01137645379640162, 0.032821263652294874, 23.0
20:43:58.00, -0.013200115528889, 0.03258871054276824, 184.0
20:43:59.00, -0.01200040616095066, 0.033360046334564686, 116.0
20:44:00.00, -0.010909696109592915, 0.03246339922770858, 119.0
20:44:01.00, -0.012590621830895543, 0.03260459844022989, 144.0
20:44:02.00, -0.013028462417423725, 0.03185312217101455, 144.0
20:44:03.00, -0.012143139960244298, 0.03298629494383931, 137.0
20:44:04.00, -0.012723716557957232, 0.03186106635257602, 137.0
20:44:05.00, -0.010414019110612571, 0.030996195040643215, 119.0
20:44:06.00, -0.008980004931800067, 0.028628370258957148, 23.0
20:44:07.00, -0.010423658066429198, 0.031365975737571716, 22.0
20:44:17.00, -0.013814428821206093, 0.032757713459432125, 22.0
20:44:18.00, -0.012552065658383071, 0.0311254789121449, 22.0
20:44:19.00, -0.01175646239425987, 0.02985110692679882, 22.0
20:44:20.00, -0.010043651796877384, 0.03433613246306777, 21.0
20:44:21.00, -0.010295382817275822, 0.03229439631104469, 22.0
20:44:22.00, -0.011204802780412138, 0.03208567528054118, 22.0
20:44:23.00, -0.011361995246261358, 0.03226659307256341, 22.0
20:44:24.00, -0.01124335895292461, 0.03356479573994875, 22.0
20:44:25.00, -0.006957629113458097, 0.03293644869700074, 20.0
20:44:26.00, -0.011090986197814345, 0.033568767830729485, 21.0
20:44:27.00, -0.010034012841060758, 0.03396635130047798, 22.0
20:44:28.00, -0.010171927162446082, 0.03340770909562707, 21.0
20:44:29.00, -0.011419829446822405, 0.03448527446016669, 22.0
20:44:30.00, -0.011838394217193127, 0.032994238659739494, 23.0
20:44:31.00, -0.01103797135874629, 0.0315349786542356, 21.0
20:44:32.00, -0.011823935667052865, 0.03243956761434674, 22.0
20:44:33.00, -0.012281054281629622, 0.03242765227332711, 23.0
20:44:34.00, -0.012324429932050407, 0.03409166308119893, 22.0
20:44:44.00, -0.011018693447113037, 0.0307954172603786, 118.0
20:44:45.00, -0.008824664284475148, 0.0343679073266685, 119.0
20:44:46.00, -0.011301193153485656, 0.03578347712755203, 116.0
20:44:47.00, -0.009796738042496145, 0.03656275710090995, 128.0
20:44:48.00, -0.008672289084643126, 0.034371879417449236, 117.0
20:44:49.00, -0.010515228961594403, 0.03487888677045703, 125.0
20:44:50.00, -0.01004847139120102, 0.034521021880209446, 116.0
20:44:51.00, -0.011577021796256304, 0.03466619411483407, 126.0
20:44:52.00, -0.010633867583237588, 0.0335806836374104, 126.0
20:44:53.00, -0.011129542253911495, 0.035047889687120914, 124.0
20:44:54.00, -0.010967530310153961, 0.034682081546634436, 118.0
20:44:55.00, -0.012658094987273216, 0.0351930595934391, 138.0
20:44:56.00, -0.0119058673735708, 0.03558269888162613, 122.0
20:44:57.00, -0.013444059295579791, 0.03609765041619539, 122.0
20:44:58.00, -0.012701470754109323, 0.036857071332633495, 122.0
20:44:59.00, -0.011434287996962667, 0.03503994597122073, 118.0
20:45:00.00, -0.011724577518180013, 0.03447733074426651, 117.0
20:45:10.00, -0.006811191909946501, 0.021469291765242815, 120.0
20:45:11.00, -0.013004364678636193, 0.03092867275699973, 125.0
20:45:12.00, -0.0029959207167848945, 0.03303971886634827, 118.0
20:45:13.00, -0.005666348850354552, 0.0301948725245893, 116.0
20:45:14.00, -0.009952081018127501, 0.030823220498859882, 117.0
20:45:15.00, -0.008619274478405714, 0.03233808744698763, 125.0
20:45:16.00, -0.008399428217671812, 0.029753599781543016, 118.0
20:45:17.00, -0.011195163824595511, 0.03171589458361268, 117.0
20:45:18.00, -0.01060013088863343, 0.03228645259514451, 118.0
20:45:19.00, -0.01195221091620624, 0.03151114657521248, 117.0
20:45:20.00, -0.010213451110757887, 0.029151265509426594, 117.0
20:45:21.00, -0.010276104789227247, 0.0315548381768167, 120.0
20:45:22.00, -0.007918212097138166, 0.028841063380241394, 118.0
20:45:23.00, -0.00765202019829303, 0.03032812848687172, 139.0
20:45:24.00, -0.004960464662872255, 0.02651295904070139, 121.0
20:45:25.00, -0.009018561104312539, 0.030107490718364716, 125.0
20:45:26.00, -0.00859035737812519, 0.03122874815016985, 125.0
20:45:27.00, -0.00830007006879896, 0.031791361048817635, 125.0
20:45:37.00, -0.00911977095529437, 0.03399018291383982, 116.0
20:45:38.00, -0.008413886884227395, 0.03030826849862933, 119.0
20:45:39.00, -0.010457394761033356, 0.03266020491719246, 119.0
20:45:40.00, -0.009990637190639973, 0.032302340026944876, 124.0
20:45:41.00, -0.01075732335448265, 0.03246737131848931, 117.0
20:45:42.00, -0.0109530717600137, 0.0341274100355804, 119.0
20:45:43.00, -0.009867179091088474, 0.03341565327718854, 117.0
20:45:44.00, -0.007281653000973165, 0.03366806544363499, 117.0
20:45:45.00, -0.003881243057549, 0.0319065460935235, 123.0
20:45:46.00, -0.010005095624364913, 0.03285701107233763, 123.0
20:45:47.00, -0.01075732335448265, 0.03246737131848931, 120.0
20:45:48.00, -0.0100002761464566, 0.03267212072387338, 118.0
20:45:49.00, -0.010452575166709721, 0.032475315034389496, 138.0
20:45:50.00, -0.00911977095529437, 0.03399018291383982, 121.0
20:45:51.00, -0.008843942312523723, 0.035107468254864216, 117.0
20:45:52.00, -0.01062422851100564, 0.03321090433746576, 117.0
20:45:53.00, -0.010657965089194477, 0.03450513398274779, 117.0
20:46:12.00, -0.008653010940179229, 0.033632318023592234, 118.0
20:46:13.00, -0.00940042152069509, 0.03305778885260224, 123.0
20:46:14.00, -0.010034012841060758, 0.03396635130047798, 118.0
20:46:15.00, -0.01030502188950777, 0.03266417654231191, 118.0
20:46:16.00, -0.010481492383405566, 0.03358465526252985, 123.0
20:46:17.00, -0.008904744405299425, 0.03159058513119817, 121.0
20:46:18.00, -0.006785975769162178, 0.03220086032524705, 119.0
20:46:19.00, -0.006338496343232691, 0.03258255682885647, 134.0
20:46:20.00, -0.007247916306369007, 0.032373834401369095, 119.0
20:46:21.00, -0.006186123471707106, 0.032586528453975916, 121.0
20:46:22.00, -0.010515228961594403, 0.03487888677045703, 119.0
20:46:23.00, -0.010162288090214133, 0.03303792933002114, 118.0
20:46:24.00, -0.008633732912130654, 0.03289275802671909, 119.0
20:46:25.00, -0.010800699004903436, 0.03413138212636113, 123.0
20:46:26.00, -0.009857540018856525, 0.033045873045921326, 117.0
20:46:27.00, -0.006667339708656073, 0.033499063458293676, 117.0
20:46:28.00, -0.006362593965604901, 0.03350700717419386, 118.0
20:46:29.00, -0.005905473022721708, 0.03351892298087478, 118.0
20:46:30.00, -0.0069720877800136805, 0.033491119742393494, 120.0
20:46:31.00, -0.009105312405154109, 0.03343551279976964, 120.0
20:46:32.00, -0.0077484105713665485, 0.03402592986822128, 121.0
20:46:33.00, -0.007409928133711219, 0.03273964300751686, 126.0
20:46:34.00, -0.009061936754733324, 0.03177150199189782, 117.0
20:46:35.00, -0.009110131999477744, 0.0336204026825726, 119.0
20:46:36.00, -0.009714806219562888, 0.03341962490230799, 117.0
20:46:37.00, -0.008476540562696755, 0.03271183930337429, 118.0
20:46:38.00, -0.008133238763548434, 0.031240663956850767, 117.0
20:46:39.00, -0.009528696653433144, 0.03212936595082283, 117.0
20:46:40.00, -0.008633732912130654, 0.03289275802671909, 116.0
20:46:41.00, -0.006295120692811906, 0.030918546486645937, 127.0
20:46:42.00, -0.005700085428543389, 0.03148910449817777, 120.0
20:46:52.00, -0.008595176739618182, 0.0314136384986341, 123.0
20:46:53.00, -0.007223818683996797, 0.031449385453015566, 118.0
20:46:54.00, -0.00782849290408194, 0.03124860767275095, 118.0
20:46:55.00, -0.0075863986276090145, 0.033660121727734804, 117.0
20:46:56.00, -0.007862229598686099, 0.03254283778369427, 120.0
20:46:57.00, -0.009233587654307485, 0.032507090363651514, 118.0
20:46:58.00, -0.011057249503210187, 0.03227453678846359, 118.0
20:46:59.00, -0.0076809372985735536, 0.031437470111995935, 144.0
20:47:00.00, -0.005271881585940719, 0.03261036006733775, 120.0
20:47:01.00, -0.004428083309903741, 0.029487088322639465, 119.0
20:47:02.00, -0.005085772136226296, 0.03132010204717517, 119.0
20:47:03.00, -0.005356781184673309, 0.03001792635768652, 116.0
20:47:04.00, -0.006404117913916707, 0.029250563122332096, 120.0
20:47:05.00, -0.003980601206421852, 0.02986878529191017, 117.0
20:47:06.00, -0.0027326990384608507, 0.028791218530386686, 116.0
20:47:07.00, -0.0014847943093627691, 0.027713654562830925, 123.0
20:47:08.00, -0.008510277140885592, 0.03400607034564018, 120.0
20:47:27.00, -0.007199721178039908, 0.0305249341763556, 123.0
20:47:28.00, -0.007405108772218227, 0.0325547531247139, 126.0
20:47:29.00, -0.006147567299194634, 0.031107408460229635, 120.0
20:47:30.00, -0.0043239055667072535, 0.03133996156975627, 123.0
20:47:31.00, -0.008609635406173766, 0.031968307215720415, 116.0
20:47:32.00, -0.006723322090692818, 0.029797290451824665, 121.0
20:47:33.00, -0.006251745042391121, 0.029254534747451544, 119.0
20:47:34.00, -0.007980865892022848, 0.031244635581970215, 119.0
20:47:35.00, -0.008418706362135708, 0.030493158847093582, 118.0
20:47:36.00, -0.011214441852644086, 0.032455455511808395, 118.0
20:47:37.00, -0.008928842027671635, 0.032515034545212984, 128.0
20:47:38.00, -0.009347406681627035, 0.0310239982791245, 128.0
20:47:39.00, -0.008723454317077994, 0.0304852151311934, 119.0
20:47:40.00, -0.011456533917225897, 0.03004394005984068, 119.0
20:47:41.00, -0.009661791496910155, 0.03138583526015282, 117.0
20:47:42.00, -0.008442803984507918, 0.031417610589414835, 128.0
20:47:43.00, -0.008928842027671635, 0.032515034545212984, 120.0
20:47:44.00, -0.009228768176399171, 0.032322199549525976, 118.0
20:47:45.00, -0.008399428217671812, 0.029753599781543016, 120.0
20:47:46.00, -0.010152649017982185, 0.03266814863309264, 117.0
20:47:47.00, -0.008638552506454289, 0.033077648375183344, 122.0
20:47:48.00, -0.008247055346146226, 0.029757571406662464, 116.0
20:47:49.00, -0.0067088635405525565, 0.029242619406431913, 121.0
20:47:50.00, -0.0076809372985735536, 0.031437470111995935, 125.0
20:47:51.00, -0.004933399264700711, 0.031324074137955904, 125.0
20:47:52.00, -0.0068197124637663364, 0.03349509136751294, 119.0
20:47:53.00, -0.00814287771936506, 0.03161044465377927, 118.0
20:47:54.00, -0.004401017795316875, 0.03429820202291012, 118.0
20:47:55.00, -0.009591350448317826, 0.034532937686890364, 119.0
20:47:56.00, -0.010285743861459196, 0.031924616545438766, 116.0
20:47:57.00, -0.00840906728990376, 0.03012337861582637, 118.0
20:47:58.00, -0.007475549820810556, 0.029407650232315063, 118.0
20:48:17.00, -0.005881375400349498, 0.0325944721698761, 122.0
20:48:18.00, -0.005242964485660195, 0.031501020304858685, 117.0
20:48:19.00, -0.006638422608375549, 0.03238972183316946, 117.0
20:48:20.00, -0.00849581859074533, 0.03345140069723129, 125.0
20:48:21.00, -0.008704176405444741, 0.029745655599981546, 116.0
20:48:22.00, -0.007499647326767445, 0.030332100111991167, 120.0
20:48:23.00, -0.006152386777102947, 0.0312922983430326, 118.0
20:48:24.00, -0.005056855035945773, 0.030210760422050953, 118.0
20:48:25.00, -0.011642645695246756, 0.0313342004083097, 120.0
20:48:26.00, -0.011151788174174726, 0.030051883775740862, 117.0
20:48:27.00, -0.008708995766937733, 0.029930545017123222, 122.0
20:48:28.00, -0.0065950468415394425, 0.03072571149095893, 117.0
20:48:29.00, -0.006771517335437238, 0.031646191608160734, 118.0
20:48:30.00, -0.008147697197273374, 0.03179533313959837, 121.0
20:48:31.00, -0.007100362912751734, 0.03256269730627537, 118.0
20:48:32.00, -0.008667469606734812, 0.034186989068984985, 118.0
20:48:33.00, -0.006362593965604901, 0.03350700717419386, 118.0
20:48:34.00, -0.006510147242806852, 0.03331814566627145, 117.0
20:48:35.00, -0.0060144702438265085, 0.031850939616560936, 118.0
20:48:36.00, -0.004514834494329989, 0.032815109472721815, 118.0
20:48:37.00, -0.00968106952495873, 0.032125393860042095, 119.0
20:48:38.00, -0.008762010606005788, 0.03196433559060097, 118.0
20:48:39.00, -0.009576891898177564, 0.0339782671071589, 126.0
20:48:40.00, -0.008490999112837017, 0.03326651128008962, 125.0
20:48:41.00, -0.008919202955439687, 0.032145253382623196, 117.0
20:48:42.00, -0.00983826199080795, 0.03230631211772561, 25.0
20:48:43.00, -0.008280792040750384, 0.03105180198326707, 22.0
20:48:44.00, -0.008866188349202275, 0.03011146280914545, 25.0
20:48:45.00, -0.01046221423894167, 0.03284509526565671, 24.0
20:48:46.00, -0.008638552506454289, 0.033077648375183344, 24.0
20:49:03.00, -0.01128191512543708, 0.03504391759634018, 64.0
20:49:04.00, -0.011686021462082863, 0.03299821028485894, 21.0
20:49:05.00, -0.010481492383405566, 0.03358465526252985, 22.0
20:49:06.00, -0.0119058673735708, 0.03558269888162613, 120.0
20:49:07.00, -0.010558604612015188, 0.03654289757832885, 118.0
20:49:08.00, -0.011006086599081755, 0.03616120107471943, 120.0
20:49:09.00, -0.009654004126787186, 0.0369365094229579, 36.0
20:49:10.00, -0.0109530717600137, 0.0341274100355804, 119.0
20:49:11.00, -0.010815157555043697, 0.03468605363741517, 120.0
20:49:12.00, -0.010529687511734664, 0.035433556884527206, 124.0
20:49:13.00, -0.01219615456648171, 0.03502008644863963, 117.0
20:49:14.00, -0.011739035951904953, 0.03503200225532055, 117.0
20:49:15.00, -0.008957759127952158, 0.03362437430769205, 126.0
20:49:16.00, -0.008766830083914101, 0.03214922547340393, 118.0
20:49:17.00, -0.010909696109592915, 0.03246339922770858, 126.0
20:49:18.00, -0.007557481527328491, 0.03255078149959445, 121.0
20:49:19.00, -0.010853713611140847, 0.036165173165500164, 120.0
20:49:20.00, -0.010082207969389856, 0.03581525245681405, 118.0
20:49:21.00, -0.009482353227213025, 0.03620092011988163, 123.0
20:49:22.00, -0.009925013175234199, 0.035634334199130535, 119.0
20:49:23.00, -0.010981988860294223, 0.03523675072938204, 116.0
20:49:24.00, -0.010706160217523575, 0.036354034673422575, 117.0
20:49:25.00, -0.008681928040459752, 0.03474166011437774, 117.0
20:49:26.00, -0.011035003582946956, 0.037270540837198496, 120.0
20:49:43.00, -0.009196883300319314, 0.036948425229638815, 119.0
20:49:44.00, -0.011501761269755661, 0.03762840572744608, 118.0
20:49:45.00, -0.01088263071142137, 0.03727451292797923, 119.0
20:49:46.00, -0.010111125186085701, 0.03692459361627698, 116.0
20:49:47.00, -0.009835294098593295, 0.03804187709465623, 119.0
20:49:48.00, -0.010430329362861812, 0.03747131861746311, 118.0
20:49:49.00, -0.009649184648878872, 0.03675161907449365, 118.0
20:49:50.00, -0.007719493354670703, 0.03291658964008093, 118.0
20:49:51.00, -0.008720484329387546, 0.03622077964246273, 119.0
20:49:52.00, -0.00935222627595067, 0.03120888862758875, 127.0
20:49:53.00, -0.01426376006565988, 0.03829647274687886, 118.0
20:49:54.00, -0.01087002397980541, 0.042640297673642635, 119.0
20:49:55.00, -0.012653275509364903, 0.035008170641958714, 119.0
20:49:56.00, -0.006766697857528925, 0.031461301259696484, 117.0
20:49:57.00, -0.00733948708511889, 0.03588674683123827, 119.0
20:49:58.00, -0.015168360550887883, 0.037902860436588526, 119.0
